128 128
67 69 44 40 52 4 3 50 44 73 90 54 43 76 25 16 54 91 17 46 21 53 11 64 81 19 10 31 43 69 11 61 90 94 80 15 74 67 94 85 42 43 12 73 74 56 73 58 87 51 60 58 99 20 49 73 64 18 72 9 39 5 41 94 0 50 99 48 83 7 2 90 45 44 81 30 7 58 80 70 12 34 1 67 31 39 64 21 92 25 69 45 3 69 98 78 77 83 58 94 53 29 74 92 50 73 79 90 77 31 74 83 62 27 96 92 19 12 13 28 33 12 59 87 58 6 31 95
46 48 37 37 74 29 78 35 43 8 20 96 7 78 2 87 42 96 69 15 22 65 51 6 12 19 64 37 96 94 92 57 25 1 95 21 50 58 38 40 60 0 72 61 52 7 40 65 36 23 59 9 13 25 89 44 15 37 88 19 99 28 65 86 77 40 98 24 44 79 26 4 92 71 4 32 85 38 2 14 67 77 26 10 73 27 28 49 58 15 32 29 73 50 54 14 84 72 42 41 82 62 30 99 18 71 92 91 28 67 33 66 67 42 16 7 67 44 83 13 88 21 94 14 98 6 52 16
20 28 46 64 64 48 7 79 30 48 42 45 8 89 13 87 47 88 20 96 97 33 24 77 2 3 78 59 99 99 22 90 18 51 22 52 25 80 96 53 15 67 66 26 35 24 30 44 55 55 50 99 21 86 86 70 33 16 65 87 51 2 57 81 53 36 72 99 42 69 29 84 99 51 59 17 40 85 41 71 48 70 6 12 96 57 54 87 12 62 40 81 0 75 68 8 2 1 28 40 90 15 76 10 88 10 32 99 57 5 24 9 94 84 64 6 43 31 85 48 31 72 24 21 12 0 80 11
40 26 38 42 29 59 88 40 20 53 34 85 28 38 95 78 86 25 17 87 66 58 29 88 31 41 46 21 83 39 6 75 55 76 95 48 62 26 75 41 29 18 1 32 92 62 28 47 39 24 81 5 12 32 96 70 15 96 33 66 52 16 91 13 11 59 78 92 54 89 62 82 0 37 70 89 57 30 5 33 79 74 74 39 14 50 56 75 77 93 4 67 52 61 80 97 16 38 35 68 56 15 72 93 85 26 61 85 73 33 57 10 93 2 15 19 86 82 9 30 75 44 47 27 75 64 67 27
15 21 94 36 6 70 4 69 97 53 48 99 35 62 80 19 83 28 81 9 8 16 7 70 57 71 80 47 43 93 92 33 94 19 65 32 4 91 54 40 14 77 95 43 37 15 7 52 29 95 88 66 59 63 81 47 98 57 30 35 98 77 28 38 38 19 45 2 54 23 16 48 48 70 33 82 46 68 40 72 58 64 29 94 89 98 65 71 39 63 58 50 64 16 47 53 34 45 99 63 77 15 39 22 89 73 84 42 96 12 90 94 70 67 10 19 83 54 35 26 85 90 76 54 4 50 11 6
55 17 51 46 54 13 42 21 8 93 1 63 24 51 69 70 37 95 6 55 13 9 28 60 62 75 46 43 10 65 2 54 82 9 91 41 6 92 42 70 88 42 94 1 46 24 54 26 76 22 2 72 68 72 50 40 87 45 52 92 27 88 96 52 69 58 24 64 59 54 91 36 5 85 13 15 19 67 65 34 55 53 94 50 36 41 73 82 35 85 22 14 2 49 99 52 69 23 51 27 15 63 44 48 15 3 73 12 88 51 55 67 36 53 92 24 70 1 39 64 88 47 48 0 97 36 79 36
56 9 22 34 40 55 22 38 20 73 16 95 83 7 25 60 97 8 1 73 6 47 19 89 3 99 48 61 6 98 86 1 14 96 93 22 87 64 26 12 43 38 74 28 31 22 6 18 63 41 49 99 94 20 84 22 27 81 55 61 51 35 30 17 8 83 63 6 84 49 75 83 60 46 27 12 3 54 45 48 98 43 66 35 9 58 99 75 55 15 89 89 30 62 59 4 2 4 26 51 12 5 1 73 56 11 44 24 49 43 91 53 38 4 27 16 0 90 81 4 27 10 36 12 18 55 45 37
49 0 35 20 66 59 30 68 24 26 76 58 67 43 17 19 57 36 67 81 55 2 48 90 15 83 12 3 38 68 25 48 34 12 45 19 70 5 71 1 91 25 67 61 77 40 1 45 96 40 28 12 92 5 18 21 50 88 20 32 57 77 59 80 95 96 32 54 4 51 9 73 88 55 64 73 3 33 56 9 30 66 94 33 87 56 73 9 15 46 49 71 50 85 1 36 69 98 71 29 67 82 50 61 21 62 49 69 73 66 32 1 42 13 10 9 57 38 38 91 96 17 93 26 84 63 29 70
97 84 10 17 20 11 68 88 32 34 26 22 65 34 18 58 49 85 29 8 27 85 93 64 36 39 94 30 69 39 60 21 75 78 58 67 19 36 37 69 96 31 45 87 81 19 47 28 93 12 99 86 81 70 84 75 37 13 72 80 92 93 18 7 20 28 79 73 71 20 42 62 17 94 5 29 29 70 9 12 47 80 80 95 16 34 9 55 92 47 6 5 79 88 46 61 84 30 80 18 20 90 99 23 61 43 1 46 17 51 12 20 61 53 42 52 84 31 86 2 9 90 1 4 0 75 51 77
84 18 50 95 74 22 20 62 37 53 15 99 48 82 92 75 90 84 56 36 88 20 21 94 8 26 21 65 33 54 19 23 60 94 56 46 82 74 17 29 24 99 32 66 57 49 80 35 64 98 94 24 0 43 61 1 0 71 80 96 81 78 56 25 82 92 27 11 98 89 17 65 60 83 85 72 56 69 73 19 36 71 59 39 74 87 37 36 76 0 58 40 17 22 49 58 37 78 20 48 76 60 1 46 82 84 37 54 37 57 54 52 95 58 99 94 51 69 17 5 25 30 99 14 52 56 48 52
61 70 64 85 64 72 24 26 14 96 14 54 68 34 2 42 81 12 28 67 81 97 66 2 71 34 67 66 47 67 4 74 63 70 17 83 37 38 70 70 35 49 66 10 49 50 0 58 30 0 98 43 53 8 65 8 87 44 16 54 88 73 35 42 64 97 59 50 91 6 20 39 29 97 0 23 35 79 90 75 18 20 25 62 72 45 82 7 7 83 51 70 13 68 67 84 13 29 91 80 11 87 2 9 46 61 32 45 51 72 6 12 7 85 26 17 34 97 85 16 29 80 63 76 80 70 90 15
96 17 94 99 52 29 32 77 42 91 32 83 42 75 67 33 18 28 22 13 33 33 6 30 47 15 84 54 92 22 84 71 49 2 41 27 32 3 20 79 27 25 74 64 82 50 33 58 26 90 66 36 0 44 63 36 24 97 21 35 63 6 11 43 52 17 53 14 98 85 72 95 97 29 97 60 57 15 75 82 87 42 50 17 41 93 41 77 78 82 57 36 16 74 17 8 0 31 95 57 29 62 78 55 90 29 84 1 60 6 47 77 97 98 1 83 79 69 27 12 36 33 56 73 80 57 88 5
46 92 30 82 60 39 74 55 66 42 23 41 74 67 69 57 22 99 62 76 87 39 23 50 96 63 37 5 49 5 46 1 29 19 36 22 6 70 96 55 69 33 66 84 98 8 25 18 88 81 92 5 39 21 93 57 87 48 79 83 46 48 85 39 44 63 1 2 90 29 74 26 6 87 78 5 63 2 89 69 68 7 37 72 61 98 56 73 18 44 43 99 11 94 57 13 1 50 42 11 16 54 30 60 94 31 85 76 30 26 36 43 18 70 37 40 3 50 94 64 53 4 9 32 81 19 56 24
96 26 88 70 64 55 57 43 31 29 73 18 91 18 75 66 56 9 81 76 18 83 78 56 66 45 67 14 89 11 36 54 65 59 50 75 3 91 12 14 61 0 11 65 74 82 90 61 7 35 8 14 30 36 7 57 5 43 95 36 43 97 18 80 75 45 20 14 92 36 21 83 55 14 4 50 7 35 60 63 77 90 68 95 95 70 96 14 3 3 62 30 46 92 46 2 57 36 5 59 1 69 1 22 47 7 4 60 89 62 80 69 86 60 86 85 69 2 64 73 6 25 92 27 21 55 95 26
7 95 65 48 64 76 23 69 27 79 96 2 22 55 36 32 99 81 35 48 25 78 21 40 95 68 56 42 46 6 7 59 87 45 27 29 67 62 90 6 65 75 18 61 47 88 15 87 55 17 91 8 2 32 13 35 55 18 26 19 84 73 71 59 76 86 89 48 69 40 84 1 12 57 75 61 29 5 23 80 3 69 67 96 38 91 86 22 74 49 46 74 51 4 59 41 34 22 70 18 79 88 38 18 4 86 5 28 45 72 14 51 94 47 22 12 82 91 34 60 64 30 11 21 88 14 80 17
92 22 63 14 25 75 16 60 64 13 26 72 70 72 48 27 44 26 83 6 63 90 54 37 91 9 99 36 66 98 9 82 54 90 84 3 95 85 44 19 34 77 9 87 55 31 85 77 17 32 46 65 36 90 38 76 15 72 69 85 17 64 31 74 68 26 59 20 33 26 40 90 87 3 61 60 36 0 85 80 8 37 55 29 80 39 21 13 48 70 90 76 20 72 76 13 18 85 38 6 1 0 36 34 91 56 64 0 45 34 7 10 30 3 30 56 5 69 81 31 6 20 61 32 24 35 50 95
51 89 48 27 74 63 16 70 42 95 67 11 59 46 52 46 82 57 30 94 92 11 76 31 25 73 52 32 91 12 65 90 4 49 77 30 22 38 72 41 42 48 1 54 57 21 92 6 16 56 21 16 43 17 41 88 27 33 5 38 78 65 51 77 55 37 76 47 21 74 67 51 61 69 97 98 22 89 93 0 86 67 16 26 70 94 89 28 8 60 74 72 16 55 87 22 24 18 95 51 91 18 8 71 99 30 23 36 45 92 36 57 72 15 17 31 27 93 86 94 94 94 36 83 18 51 23 45
10 34 28 80 68 36 42 6 34 77 61 71 18 8 17 86 38 88 94 63 93 23 53 42 86 79 54 90 47 85 56 63 18 18 47 11 53 96 79 49 3 82 45 35 47 33 6 22 36 4 41 58 21 39 34 85 72 0 19 85 16 40 55 95 87 0 23 27 14 97 93 91 35 77 99 86 8 27 26 13 40 68 42 16 18 57 32 42 17 46 38 75 66 62 46 15 39 99 83 33 81 37 93 2 30 89 99 1 38 43 0 98 23 79 58 38 97 6 46 52 9 7 67 98 25 78 34 95
42 84 17 49 93 72 95 37 23 89 79 46 2 91 39 21 48 54 65 97 25 22 76 26 21 35 32 89 80 42 66 15 8 45 17 27 17 68 40 86 98 28 59 82 16 91 37 74 18 43 71 37 70 50 50 65 8 81 94 44 1 76 77 99 55 64 15 94 25 56 82 56 16 58 72 26 52 37 1 29 32 85 12 61 21 82 11 2 45 99 96 25 11 77 79 8 33 48 65 57 86 6 56 72 69 72 21 97 24 33 50 80 26 70 25 48 89 22 75 81 71 67 82 40 5 10 76 44
73 75 64 92 69 84 73 9 24 63 55 59 38 32 33 66 51 50 30 66 37 68 23 40 86 65 82 18 76 30 47 69 66 25 64 72 5 84 29 10 79 63 53 25 88 82 54 76 51 62 92 62 75 8 57 96 68 95 63 18 86 6 94 81 71 88 91 86 53 60 15 74 29 44 96 93 77 80 87 29 11 60 73 94 42 8 82 19 41 92 53 98 91 77 74 3 9 82 11 34 1 97 2 20 13 14 1 57 84 70 88 16 76 23 59 84 62 70 26 38 21 41 42 76 86 33 55 12
97 18 46 91 55 5 52 64 13 77 78 78 57 56 66 56 62 69 99 58 63 86 95 36 34 16 13 87 34 86 23 91 23 89 15 42 26 64 61 68 51 51 44 95 95 7 49 79 44 64 36 93 35 88 56 82 92 46 44 6 29 99 3 92 18 18 97 51 46 38 14 21 78 96 5 84 94 44 35 82 66 41 55 4 86 48 57 7 43 52 68 55 30 16 24 42 9 52 55 70 81 77 58 7 99 66 17 47 20 44 5 93 12 70 99 24 54 67 16 37 94 51 37 9 55 37 74 2
65 9 86 40 37 2 68 82 12 5 13 50 19 87 38 88 64 42 73 62 95 7 22 99 70 63 61 62 25 17 90 0 11 16 9 10 53 3 0 9 24 52 65 35 22 49 62 45 40 96 33 87 8 41 71 22 24 85 37 3 34 77 90 21 52 8 61 65 44 63 41 99 24 63 62 25 51 77 56 39 72 83 72 86 12 97 61 66 16 71 45 69 58 34 93 12 40 97 20 83 48 15 54 3 3 50 20 36 6 59 76 84 91 90 87 18 37 30 95 22 22 41 63 94 66 63 27 35
62 49 73 4 9 10 95 97 93 97 5 50 63 84 4 24 98 98 19 80 50 26 46 57 81 69 19 83 63 26 9 60 14 1 37 55 58 24 43 97 77 3 73 25 48 81 19 76 69 17 91 8 35 0 64 94 37 16 14 47 61 81 3 84 97 26 12 5 69 56 12 4 7 94 33 35 35 70 48 32 16 64 55 10 78 75 38 79 46 22 32 12 9 40 14 88 93 13 1 40 57 99 98 51 16 54 53 3 7 63 40 64 85 19 94 1 78 46 57 89 82 64 30 25 64 44 62 94
61 5 5 75 20 32 81 91 0 10 22 5 46 44 87 90 98 55 59 2 13 10 13 94 59 97 82 80 73 27 79 29 51 70 0 11 16 21 53 73 97 65 16 13 85 54 56 68 28 4 67 95 80 36 0 47 54 89 68 45 82 85 3 62 88 94 14 27 54 29 14 32 26 44 30 45 85 54 18 49 4 97 89 60 17 32 78 76 94 44 62 14 2 96 66 72 88 99 67 21 61 32 54 18 29 36 24 18 84 20 28 90 67 92 34 84 41 84 12 50 44 58 81 53 67 80 58 1
4 9 37 8 72 31 88 93 16 77 3 37 78 89 8 18 90 47 61 94 69 72 72 95 0 44 64 8 52 29 82 9 33 58 13 88 56 98 2 63 65 55 99 91 18 26 94 79 61 84 34 31 56 3 34 88 53 65 11 84 18 5 1 56 65 74 82 18 68 52 87 0 62 17 70 16 18 86 78 99 18 74 2 33 9 21 56 48 25 68 53 82 37 95 5 97 1 23 92 56 56 97 0 1 76 21 41 75 66 4 16 85 90 46 23 94 34 62 8 62 37 76 29 72 33 30 93 74
28 85 86 37 30 89 42 55 23 79 32 83 65 23 22 28 4 9 82 48 44 36 61 87 57 17 25 84 40 71 23 85 79 65 74 88 73 65 24 88 8 67 85 46 20 10 97 99 88 10 66 31 4 9 33 35 58 79 80 4 58 49 16 79 15 4 92 5 43 93 16 93 26 18 97 94 95 93 38 45 89 21 1 28 39 32 45 15 22 77 41 22 61 19 31 32 69 14 9 58 72 79 47 3 60 28 74 97 11 65 88 95 29 37 96 1 87 13 99 50 13 91 6 51 54 32 88 39
92 24 48 81 74 11 92 76 3 12 58 51 39 97 21 37 3 45 6 11 86 39 52 85 23 12 53 87 50 87 99 63 89 60 66 50 28 95 81 91 85 9 92 48 48 79 10 80 54 99 52 61 33 73 64 80 41 28 25 45 97 56 63 67 79 22 23 1 94 54 36 85 71 42 2 27 49 63 97 82 5 30 76 34 75 29 85 87 82 92 7 25 57 39 82 16 62 59 50 54 89 64 89 45 55 32 98 51 60 67 29 69 56 71 42 76 22 39 31 18 56 50 0 12 23 71 40 87
67 36 67 38 79 71 36 9 94 89 4 84 59 92 46 7 30 84 94 5 51 25 13 90 33 92 38 68 85 8 72 59 38 31 29 16 59 57 0 85 45 78 43 75 61 93 82 40 14 31 8 34 82 66 41 29 83 19 6 62 11 90 17 54 3 29 14 79 97 56 79 82 91 0 67 54 2 45 58 52 26 17 60 45 20 63 18 73 38 88 52 87 5 17 77 57 6 43 52 57 56 97 68 21 27 47 13 85 89 99 33 83 53 11 5 76 19 11 96 17 11 92 0 59 46 25 75 65
13 78 48 10 66 84 27 70 97 50 10 52 69 35 25 23 1 36 27 45 44 16 56 52 88 33 21 89 89 60 96 84 8 65 45 76 21 51 88 29 78 94 33 94 6 58 60 98 36 89 92 16 59 1 0 61 3 17 95 71 73 73 68 17 17 82 97 8 32 9 19 74 94 11 62 0 45 58 94 49 81 95 48 44 99 83 9 36 42 95 97 56 14 76 40 60 55 83 69 17 68 27 69 23 81 64 44 89 1 85 83 37 80 98 26 85 39 95 62 8 37 83 63 37 48 72 63 66
18 45 90 28 76 4 2 89 59 52 20 41 15 31 59 0 57 34 52 1 53 37 93 8 72 86 55 10 17 87 14 71 83 80 91 32 78 15 34 71 8 56 46 78 71 83 67 65 40 85 83 10 24 71 97 9 22 1 26 34 61 88 11 58 0 29 7 45 31 1 59 54 15 93 54 65 38 70 77 97 36 21 91 57 4 95 32 54 24 79 34 59 81 67 13 71 20 14 82 97 68 75 51 43 18 46 89 28 78 47 53 76 31 30 70 88 2 99 87 40 21 31 54 7 0 61 78 41
34 14 97 56 84 54 8 78 72 42 1 94 14 80 20 52 38 6 36 7 34 6 65 75 9 75 34 93 62 39 2 27 55 97 34 70 35 49 65 47 7 75 80 0 64 64 43 56 49 10 37 85 77 72 92 14 63 90 3 25 36 89 0 44 90 36 31 46 26 41 25 22 51 98 21 69 60 4 40 74 84 89 65 90 15 89 33 78 84 26 80 41 92 86 77 46 87 20 75 64 44 56 52 1 98 31 8 25 13 78 20 8 14 11 12 10 23 37 37 19 69 36 21 19 4 29 40 27
96 89 26 23 81 6 88 84 53 40 18 88 45 25 45 9 56 93 66 18 18 3 53 89 68 30 64 45 7 62 57 97 92 65 11 80 25 85 24 70 5 81 80 68 5 19 27 41 78 94 64 92 0 68 85 63 54 80 8 65 54 34 63 60 71 31 0 60 76 79 25 73 67 24 99 39 46 53 72 59 49 91 74 97 62 60 69 43 82 32 33 71 46 27 44 3 1 27 78 13 61 65 22 56 12 18 38 90 19 23 23 41 62 33 17 97 49 74 10 9 7 57 2 77 71 99 80 78
39 43 33 44 75 59 37 59 64 22 20 12 75 24 0 86 73 68 88 51 0 90 23 16 51 85 43 91 18 30 46 5 35 13 15 58 1 85 24 73 17 32 48 18 94 19 55 12 4 65 52 0 84 59 35 17 92 55 9 14 43 31 34 1 89 20 90 84 58 69 39 34 93 22 97 77 49 1 67 37 81 35 73 96 96 30 92 23 49 38 54 99 51 47 97 53 14 6 44 40 45 33 97 31 57 53 5 79 65 96 26 80 24 45 5 66 20 47 79 4 47 55 62 39 26 77 0 14
69 28 20 32 70 52 85 70 89 5 96 44 35 9 21 19 3 53 7 59 55 70 99 57 22 32 48 22 75 7 12 96 71 96 66 37 89 28 63 40 32 96 81 9 72 67 28 44 5 66 54 73 69 82 50 65 16 88 53 57 15 4 65 87 40 51 59 5 37 84 15 22 20 73 34 40 77 37 96 36 20 93 22 94 8 74 87 65 32 87 61 46 97 87 10 16 52 98 12 8 61 47 62 95 64 65 78 82 93 26 14 5 1 0 77 65 40 48 57 48 88 85 49 4 1 18 8 61
54 38 13 32 10 60 13 40 9 49 86 74 93 32 34 12 21 5 48 35 24 92 32 89 48 85 56 70 32 74 17 15 34 84 91 17 19 85 90 16 52 50 6 16 71 28 51 90 5 13 98 16 24 96 67 18 48 44 72 82 64 87 23 53 80 3 1 49 50 78 14 40 43 37 50 25 9 18 65 39 6 55 15 36 8 95 25 94 24 45 34 55 1 71 42 34 44 46 34 87 8 58 31 15 5 10 67 34 64 57 19 69 26 2 55 3 72 91 34 85 46 43 80 7 35 53 33 21
33 53 47 97 69 4 78 0 98 41 80 72 72 78 10 22 43 57 84 52 35 25 44 9 22 4 67 67 25 86 95 94 55 42 87 60 79 74 31 28 33 13 53 24 96 62 97 83 73 78 22 3 29 81 93 45 94 86 28 89 72 45 0 13 49 68 32 75 36 65 84 70 27 20 97 82 53 88 74 38 46 88 30 58 3 54 11 92 91 22 10 33 29 12 78 2 74 35 63 93 13 35 1 44 55 93 63 79 97 80 9 36 17 12 46 76 20 63 88 88 11 86 10 86 48 97 68 55
61 52 95 59 40 45 54 58 84 18 10 88 51 17 79 15 95 58 75 91 18 86 92 76 66 11 11 35 80 79 61 93 91 19 23 45 81 54 20 8 94 47 80 94 62 28 8 37 99 36 21 72 15 82 93 93 92 86 30 97 52 55 79 45 1 46 73 55 91 93 50 84 44 0 31 20 0 59 15 41 25 72 13 9 38 29 69 18 15 21 90 84 20 0 96 61 87 68 54 39 19 60 33 21 87 15 78 92 93 50 24 49 26 88 0 6 20 21 19 36 21 16 6 79 97 34 83 26
97 41 93 21 60 89 60 70 81 66 94 33 54 51 55 39 68 6 80 63 90 85 18 91 71 87 26 41 23 54 82 45 34 40 71 28 1 40 17 75 80 28 6 75 39 8 60 22 84 91 29 5 9 95 58 16 49 47 35 1 81 15 10 64 69 0 16 44 89 60 50 59 26 63 74 66 91 8 4 35 58 0 34 0 54 27 62 73 72 69 71 56 84 99 96 51 63 42 38 93 21 49 10 9 22 53 49 35 97 48 14 98 12 26 49 93 86 33 31 85 32 58 99 6 55 89 47 70
72 43 52 74 49 20 31 84 45 58 82 14 99 33 13 63 62 34 25 17 41 42 92 83 0 2 52 56 13 89 93 85 85 71 10 19 94 36 3 61 63 86 21 69 76 62 84 67 41 84 1 68 80 13 91 32 62 10 59 69 2 26 6 2 57 14 53 97 54 26 10 13 12 89 86 13 11 11 25 49 32 12 94 76 27 2 1 70 13 22 66 12 10 52 61 72 99 46 94 45 76 78 59 80 11 35 97 4 17 22 15 64 91 17 22 0 83 57 6 20 29 94 31 19 62 74 80 5
11 60 86 96 43 80 67 83 49 71 53 54 19 44 7 53 26 0 32 3 52 17 86 98 67 82 56 52 78 89 60 46 11 15 75 37 57 99 4 97 4 48 0 53 10 31 71 30 46 77 39 20 38 86 90 4 49 39 48 56 87 25 30 13 63 44 75 8 15 6 35 28 25 85 85 32 62 98 71 54 10 44 34 22 14 48 68 3 64 84 53 95 91 17 46 30 20 72 91 46 19 48 47 94 23 32 44 50 47 16 56 73 1 54 13 8 84 46 18 62 41 36 28 31 67 69 27 49
77 6 41 97 56 41 52 60 4 63 62 67 95 70 92 3 33 57 89 58 5 62 10 32 92 13 14 54 42 35 90 76 91 37 66 78 20 12 41 95 41 80 14 91 82 52 92 1 26 21 90 60 51 82 35 52 71 90 13 63 89 91 36 21 45 22 0 52 86 56 79 39 21 7 2 13 74 62 42 98 11 70 80 98 29 22 41 71 8 83 8 92 44 99 61 84 58 89 88 81 69 78 89 89 29 97 65 34 69 28 38 38 22 97 0 49 84 4 35 27 15 59 49 89 33 16 69 36
14 79 60 58 4 44 6 37 3 97 71 21 68 53 76 35 21 6 1 62 46 6 27 97 56 60 63 19 0 13 95 48 29 19 40 7 30 8 76 98 98 25 60 82 87 0 13 2 14 52 61 80 42 71 22 16 34 1 11 24 33 33 69 35 57 34 93 74 66 53 43 38 52 61 83 2 33 98 51 78 92 25 99 91 5 9 81 16 24 9 15 84 55 69 47 96 83 46 9 57 84 56 74 92 37 21 11 46 21 65 52 21 76 62 99 37 21 88 86 5 86 60 80 12 70 18 78 17
2 18 53 86 88 18 96 37 48 55 74 57 72 55 49 34 87 20 11 66 23 71 49 36 45 45 19 59 74 17 0 19 23 79 18 82 7 35 2 97 51 61 45 81 23 0 81 54 12 39 35 80 95 72 81 49 22 5 93 91 72 2 26 18 46 98 77 54 5 98 12 6 50 88 28 66 79 70 44 17 84 10 32 84 3 85 41 86 66 57 4 32 39 74 15 80 97 40 54 74 4 34 15 38 7 25 6 22 54 18 5 81 67 21 98 67 76 31 45 82 96 56 72 53 89 2 82 13
81 81 26 43 17 18 25 74 96 66 87 50 45 22 46 74 51 98 7 99 53 45 72 74 88 80 5 13 81 91 83 46 6 56 38 93 42 75 83 3 69 55 12 90 67 27 4 94 3 18 44 78 44 71 22 73 19 9 88 46 30 61 16 88 6 96 15 77 26 50 48 46 55 37 58 56 93 41 42 93 44 50 31 66 33 80 38 78 83 57 17 28 81 55 57 27 35 30 96 20 66 79 25 0 81 34 69 60 30 59 38 48 88 65 20 51 30 43 66 19 89 26 34 50 21 86 64 83
12 47 68 13 44 45 1 18 23 28 1 16 34 18 89 9 52 89 87 93 0 11 37 76 38 14 31 27 74 8 2 10 98 23 88 22 34 11 68 86 99 79 72 39 57 27 88 7 14 96 35 19 49 28 79 37 25 19 21 74 22 66 25 87 7 11 89 53 64 10 0 89 69 79 78 12 99 42 19 44 66 22 48 91 40 37 33 95 57 53 55 76 66 8 9 97 18 82 38 55 88 51 95 29 51 45 73 42 45 84 59 41 87 18 86 51 10 54 3 45 11 36 58 96 73 36 89 4
88 34 46 78 82 64 37 84 91 62 18 11 35 82 89 78 17 6 68 79 56 8 8 70 29 13 0 85 39 96 79 19 49 2 68 7 54 40 14 19 98 30 52 84 26 0 80 23 31 27 4 21 17 61 88 29 60 99 60 7 89 7 91 30 51 44 93 33 9 40 77 45 85 10 98 18 85 53 40 48 76 11 66 40 32 13 74 92 26 62 81 76 17 16 64 82 12 75 72 48 92 29 10 70 72 64 60 24 7 55 93 3 17 30 77 11 98 75 37 59 56 59 52 24 28 14 56 36
65 10 16 27 84 26 60 53 92 17 80 20 37 85 2 11 22 91 3 4 81 73 84 96 86 25 24 42 83 35 42 2 7 33 47 18 53 10 50 66 4 39 88 34 84 50 36 1 76 57 30 18 81 15 62 13 21 61 20 83 63 57 38 21 4 8 69 80 41 29 9 84 11 53 1 24 81 6 38 59 0 49 28 83 78 97 64 45 11 50 19 67 88 21 11 78 64 8 29 24 86 25 64 3 35 28 66 15 11 44 57 17 83 79 77 90 13 91 65 92 11 17 54 53 89 15 2 44
70 87 3 30 94 0 18 75 62 34 54 39 19 16 66 80 41 20 72 89 34 35 38 82 15 15 74 32 84 41 42 48 13 83 43 27 59 52 19 14 93 48 59 57 7 59 89 48 8 1 47 83 60 49 93 41 13 9 76 48 37 96 10 39 50 34 8 18 17 90 73 96 91 39 96 61 7 45 99 75 20 70 41 92 39 16 29 26 82 27 14 16 28 68 59 25 32 14 83 57 59 47 55 62 73 77 20 84 17 3 84 60 81 97 42 69 93 20 90 14 30 84 62 36 77 51 96 2
46 72 44 15 62 99 60 46 28 27 75 70 53 6 1 77 62 45 2 92 43 55 38 54 84 96 87 73 74 80 80 70 50 91 64 38 85 25 36 63 92 66 64 81 88 71 2 37 19 66 2 39 16 5 34 65 38 37 35 70 84 99 54 8 64 84 79 46 89 95 26 31 54 73 41 70 25 39 94 99 86 14 58 93 5 30 82 71 82 23 43 43 41 56 19 36 61 38 47 1 52 42 36 79 17 93 12 13 36 54 14 57 19 15 21 26 99 38 49 37 84 17 13 94 73 49 46 33
33 34 45 23 82 56 33 7 89 6 73 12 54 74 32 72 76 55 34 93 97 34 33 39 6 26 65 46 3 84 75 99 6 11 1 12 34 59 0 81 93 65 50 8 87 41 5 22 45 8 84 41 69 62 34 31 65 31 15 8 73 42 61 75 67 54 49 6 49 43 41 44 41 13 62 92 95 25 33 52 31 93 44 22 32 38 99 75 22 60 61 27 89 76 65 75 30 69 15 14 68 4 33 26 7 4 71 22 48 33 47 55 67 78 0 76 23 58 31 67 46 46 68 88 59 79 96 31
34 3 17 4 58 83 68 14 32 40 11 16 37 4 51 47 2 11 67 14 0 38 38 21 89 22 66 45 78 34 14 52 74 36 21 36 40 36 0 53 11 82 99 56 25 8 46 73 3 40 76 26 90 60 43 66 47 66 87 34 63 20 76 67 91 1 0 58 33 66 57 79 26 39 87 70 72 29 56 96 5 7 25 51 71 96 40 13 18 16 19 18 25 77 1 14 2 43 37 65 25 88 44 23 21 31 70 4 1 3 2 42 63 18 30 8 53 15 70 39 82 94 11 10 63 40 51 73
3 29 2 70 75 91 96 0 50 6 24 77 12 55 71 10 89 95 4 73 46 26 70 33 27 26 65 48 86 84 79 3 98 69 34 45 52 32 30 62 65 8 50 25 13 45 99 27 59 8 37 15 99 29 44 97 4 99 23 72 45 29 66 35 65 44 83 22 85 15 19 37 23 93 16 40 34 48 78 27 65 61 33 5 72 89 45 66 81 53 67 40 85 28 61 66 33 94 31 38 29 23 46 22 76 41 72 90 56 61 3 69 25 6 99 48 34 54 16 52 21 8 15 52 1 81 45 66
12 31 44 1 10 8 77 29 32 66 21 70 65 33 95 60 66 26 83 47 44 28 88 66 25 17 50 81 48 63 33 81 87 68 57 94 10 92 39 77 36 79 23 33 42 26 79 59 41 74 65 4 32 60 72 79 29 86 51 89 38 88 59 85 16 47 5 19 85 10 25 91 89 56 66 59 55 50 49 40 45 76 36 85 21 79 6 5 98 0 45 9 99 23 1 18 85 96 39 74 75 14 75 50 83 44 21 52 3 32 98 64 64 56 36 76 55 87 58 65 33 40 64 93 83 89 49 68
98 29 39 61 93 50 44 88 12 60 97 52 71 24 13 53 76 15 41 41 42 58 49 96 49 79 77 0 25 44 84 82 90 99 62 93 8 24 37 85 27 26 56 96 96 67 58 12 52 44 55 1 78 26 9 20 85 74 85 56 90 92 31 95 43 74 46 11 60 31 80 73 45 53 6 77 54 82 59 41 99 91 30 84 66 94 5 88 21 92 53 3 37 89 40 64 56 56 97 46 58 47 53 67 83 66 63 84 7 28 16 28 67 58 24 12 40 0 9 16 76 31 71 81 15 52 36 11
71 75 78 28 55 44 79 1 75 61 15 23 45 47 77 84 14 87 49 17 43 9 60 49 76 53 25 27 37 27 6 57 14 36 49 90 82 80 84 29 71 35 4 27 75 23 20 33 49 62 20 25 48 78 95 14 6 56 42 60 82 19 17 25 21 36 61 17 43 47 59 72 75 9 30 64 46 24 22 80 9 95 44 62 57 80 75 18 51 18 64 89 88 20 97 79 94 91 71 21 13 3 33 38 10 6 43 74 64 38 35 22 2 37 85 91 22 50 3 32 84 88 75 87 92 98 98 48
47 37 19 96 68 50 55 60 42 42 58 60 35 90 20 89 26 71 76 41 37 68 18 1 95 71 59 35 85 53 69 68 44 96 75 57 93 24 34 7 17 2 57 76 52 57 88 1 53 35 20 38 29 89 25 42 28 96 43 12 95 78 14 65 86 78 74 20 64 92 91 64 32 98 80 19 73 85 35 26 13 23 36 6 9 41 50 56 33 52 26 52 40 35 83 87 79 30 78 3 93 34 16 58 25 11 70 36 31 16 38 92 59 51 32 35 34 12 67 63 14 44 4 47 45 28 19 40
38 81 19 11 69 81 4 6 60 28 15 38 1 23 14 79 12 81 49 22 39 72 17 44 91 56 99 86 29 58 97 53 99 89 5 93 33 50 76 21 99 80 75 17 21 27 73 43 58 41 59 58 42 50 58 9 68 6 40 65 60 99 18 79 43 87 92 25 3 80 8 27 3 11 66 67 8 74 95 7 26 9 22 62 86 74 41 81 66 47 5 33 7 24 70 98 33 58 6 86 32 12 11 6 16 39 41 47 18 66 99 46 54 89 15 15 87 0 36 38 58 94 34 18 58 72 96 64
55 56 81 85 57 99 39 59 77 64 53 34 54 78 12 99 60 45 6 82 74 44 16 80 54 66 77 82 78 58 70 15 74 40 67 78 17 49 0 34 72 54 61 1 91 48 7 68 16 96 35 63 97 28 81 12 91 33 42 87 89 18 40 5 84 28 10 87 12 71 8 34 55 29 57 34 89 30 72 14 45 70 44 90 56 16 71 20 34 93 99 0 95 36 79 43 80 3 79 6 12 16 11 57 89 50 26 9 34 1 28 73 42 62 73 24 44 78 29 67 29 44 56 88 71 73 70 56
90 73 85 50 43 18 11 66 14 39 21 73 6 70 61 84 13 28 40 59 78 16 50 98 98 46 34 58 95 29 47 46 35 3 33 72 1 73 64 26 14 38 91 7 32 83 99 76 23 36 89 64 0 45 69 77 93 77 70 71 67 94 97 56 12 84 32 61 18 72 45 95 51 80 79 21 95 72 55 97 77 33 87 95 57 93 21 15 20 5 45 25 35 69 44 50 41 96 48 29 72 36 55 19 42 97 35 39 48 42 16 55 46 79 52 82 55 18 6 28 27 30 54 73 79 58 16 70
0 39 17 2 8 64 36 45 49 61 24 22 92 60 71 54 82 82 22 27 12 13 72 70 12 98 51 35 10 72 35 7 49 65 36 20 7 38 78 31 46 93 95 25 2 17 4 83 26 65 17 85 97 87 0 46 56 85 74 38 28 62 16 30 96 83 24 12 40 55 21 78 99 75 43 5 12 36 10 51 3 64 42 83 46 12 91 82 3 0 5 26 42 67 91 11 19 38 90 12 78 86 62 83 93 78 79 57 71 99 61 25 80 23 46 94 99 44 23 13 7 89 4 14 12 38 0 18
73 93 12 50 80 62 69 95 54 88 41 20 46 48 33 56 18 37 23 8 67 46 69 69 18 51 79 90 2 36 43 80 87 7 19 60 82 53 76 72 44 40 74 38 92 89 6 86 98 6 37 21 37 91 11 63 67 98 32 26 93 33 78 88 59 87 35 81 88 36 69 6 13 96 26 46 10 56 16 47 9 96 8 38 38 23 90 62 90 43 33 35 9 48 61 28 89 54 92 48 92 92 86 64 63 70 6 26 21 12 7 6 99 54 73 51 63 25 25 58 40 83 81 64 10 99 0 18
27 48 14 7 6 28 68 86 36 58 44 81 93 61 46 3 75 63 29 84 32 67 89 32 92 21 46 14 40 83 36 62 73 41 54 44 55 60 98 68 16 16 87 40 63 83 90 58 54 36 8 90 58 65 85 33 37 97 12 19 82 69 23 10 1 53 90 54 51 0 21 4 69 89 63 68 59 17 55 62 26 9 66 10 24 45 68 52 38 0 62 54 10 58 12 71 68 41 89 9 47 57 9 9 8 38 65 45 60 63 48 61 26 76 23 97 21 63 38 11 58 21 7 48 7 84 48 38
95 67 59 33 99 31 26 55 32 9 63 26 30 85 62 38 53 13 71 70 58 13 20 25 67 11 32 17 7 30 36 47 58 98 47 75 67 32 27 44 91 81 28 11 12 60 90 59 33 68 14 80 27 76 14 41 17 96 85 41 14 90 46 38 65 16 84 10 44 17 51 17 42 3 61 22 53 58 6 17 6 1 33 72 69 61 69 25 28 69 37 21 25 76 77 24 36 46 17 56 78 31 52 98 75 9 74 19 62 88 66 35 34 5 86 86 44 80 79 41 42 25 86 33 33 21 26 30
4 77 0 98 54 17 37 82 94 87 81 82 25 15 66 74 87 25 35 78 94 60 14 45 76 64 34 63 27 65 48 46 67 4 32 38 45 2 43 96 25 22 51 7 90 10 15 73 88 31 16 62 35 6 80 86 32 5 98 31 7 56 59 13 48 1 94 46 76 1 49 19 71 34 5 78 81 64 86 44 71 10 2 44 75 5 72 35 61 70 42 33 30 96 79 98 74 26 37 29 0 11 48 81 58 99 50 12 54 86 30 21 33 95 55 54 64 13 89 44 63 92 37 85 56 64 46 4
18 21 59 15 1 68 54 75 61 95 14 55 16 4 35 18 78 56 75 72 1 94 68 28 5 99 47 63 76 73 7 71 4 66 35 10 66 71 5 47 6 58 10 98 74 86 93 55 96 8 37 98 82 81 85 51 70 51 66 49 61 46 33 90 48 97 20 97 26 95 93 78 47 34 41 4 81 93 93 1 20 38 86 75 45 16 73 59 48 72 44 15 77 36 34 10 95 85 47 32 85 24 73 89 29 56 43 75 24 20 46 7 18 86 55 65 15 45 75 22 12 13 71 27 43 32 36 88
13 0 74 50 46 17 53 53 10 73 2 26 28 96 16 64 6 74 58 27 79 62 83 44 52 6 87 39 85 13 32 37 30 38 11 80 32 63 82 44 9 47 66 64 23 68 41 68 33 63 93 71 17 26 7 95 23 75 40 22 81 17 53 41 21 60 87 79 77 52 68 79 9 11 9 9 0 43 2 46 82 4 39 81 83 53 80 32 52 96 62 8 50 90 77 82 2 48 25 73 61 47 35 72 35 16 12 66 17 58 12 26 69 48 4 56 9 27 29 11 41 14 30 89 39 98 22 68
21 80 35 70 90 98 91 13 37 13 70 21 22 25 75 57 69 20 62 18 68 7 77 1 50 53 3 73 82 37 28 45 95 91 78 25 47 65 16 84 52 69 44 26 74 1 10 33 64 28 44 93 55 48 9 53 49 3 32 3 12 53 39 5 20 98 75 25 5 45 10 68 45 55 26 28 14 90 40 51 59 71 49 14 77 28 1 75 95 81 95 74 19 18 32 60 85 2 11 23 37 44 15 13 12 90 99 77 54 71 67 26 69 49 66 62 60 5 58 21 9 49 39 79 20 39 65 44
76 98 50 27 32 43 30 72 23 30 8 48 72 39 79 5 68 5 39 33 5 77 17 1 92 25 57 29 79 3 75 73 6 25 13 96 89 93 26 98 77 98 33 81 71 99 89 25 0 30 29 24 50 23 31 97 8 14 53 47 60 18 14 0 51 68 48 88 69 91 51 50 20 64 44 52 36 57 32 51 9 92 43 90 41 70 68 21 50 89 95 71 34 91 22 23 63 91 65 48 88 33 41 80 47 24 93 68 97 53 1 81 65 83 39 99 74 0 27 78 27 6 40 40 21 36 61 73
15 77 36 7 43 61 24 52 39 98 74 76 14 10 8 60 74 46 36 15 35 18 9 40 21 20 83 73 78 63 16 99 16 35 11 17 47 85 94 30 49 97 30 84 29 13 53 94 29 37 29 30 73 88 25 89 99 47 62 26 59 65 96 24 26 69 4 63 48 73 95 0 18 17 5 51 51 96 68 36 57 32 36 36 75 5 86 32 5 17 24 8 48 80 27 41 71 28 95 35 46 10 20 31 95 92 58 50 16 1 52 32 47 58 33 71 87 96 97 99 93 43 41 61 64 31 99 84
43 31 61 10 52 88 3 46 82 23 92 40 40 80 64 46 92 5 70 69 3 84 85 41 21 24 70 62 95 61 58 82 18 81 24 35 53 58 88 96 28 39 97 54 22 37 60 46 48 60 77 93 51 20 85 75 84 86 22 6 33 14 13 86 52 17 82 68 54 27 11 76 93 91 54 21 73 73 66 77 68 46 38 8 93 24 71 12 2 26 25 54 66 5 15 14 45 10 64 12 96 23 20 27 8 23 75 58 92 14 26 65 26 65 15 20 52 26 10 79 10 55 26 82 29 88 88 98
57 18 87 92 38 4 83 78 65 32 51 62 71 82 55 69 3 98 32 89 95 67 65 31 3 85 0 84 94 56 49 49 27 62 98 41 84 73 43 43 7 39 6 45 83 28 7 15 82 44 59 45 34 67 59 60 2 4 5 69 71 46 36 98 31 34 14 53 4 74 47 88 77 95 86 81 66 78 96 24 67 28 4 90 86 28 58 92 77 48 5 6 55 88 69 80 1 11 66 33 65 46 14 75 40 44 22 24 42 54 63 93 95 2 13 51 55 40 96 21 16 43 14 86 87 55 98 15
91 23 21 9 96 14 66 29 15 78 27 81 11 38 76 4 38 55 77 88 64 10 8 97 67 63 35 13 35 97 90 43 62 9 92 79 71 37 63 1 89 53 2 92 52 37 49 68 29 60 2 55 14 93 0 91 58 89 71 33 98 43 9 53 10 0 46 16 68 3 16 87 61 3 58 80 4 56 70 53 98 62 7 40 44 57 43 84 41 22 10 72 14 82 90 56 4 62 13 65 10 53 80 63 33 81 68 5 21 26 2 40 40 98 8 74 43 39 86 41 9 83 26 2 18 25 6 61
56 33 38 37 75 96 20 54 37 53 53 66 62 49 77 80 29 70 67 69 2 24 50 41 40 5 3 69 39 99 37 1 14 98 20 72 95 22 76 46 21 72 69 90 52 42 23 88 0 97 76 42 16 87 33 70 76 57 7 99 28 30 85 64 18 95 86 6 11 70 79 79 67 99 89 72 57 94 64 5 79 79 22 13 54 34 36 61 47 56 73 68 95 52 2 41 45 11 17 43 5 20 65 16 94 27 24 30 41 76 16 74 69 32 51 30 25 21 51 49 10 15 55 92 98 25 34 14
41 35 37 94 5 31 78 32 73 13 57 39 97 19 35 9 91 18 90 50 82 49 55 77 34 49 88 80 22 95 32 50 27 96 10 90 38 40 50 29 90 9 47 26 21 36 25 41 45 9 62 2 74 58 65 64 13 7 41 25 49 54 47 33 77 75 91 34 30 35 86 65 38 77 70 42 59 27 55 99 19 50 22 28 19 94 45 39 26 51 40 85 52 22 90 57 0 30 80 21 16 9 18 53 40 15 94 27 69 70 93 18 11 43 89 78 64 2 89 19 35 67 1 34 37 76 64 51
12 55 38 9 92 60 18 11 95 85 94 48 58 9 98 97 26 41 19 75 83 7 75 22 22 63 33 77 58 67 2 66 26 88 5 7 27 29 91 45 83 51 5 9 83 36 67 19 61 85 22 88 27 12 76 25 51 9 14 14 9 36 42 5 94 34 96 30 64 75 14 97 60 42 35 85 7 99 32 43 78 9 0 34 79 37 19 40 86 97 22 6 5 20 73 78 66 57 51 85 18 35 24 35 9 99 11 6 39 22 79 87 75 61 85 7 38 49 70 89 2 32 23 65 35 65 12 69
58 27 78 95 69 15 20 99 5 85 15 27 44 28 95 2 8 41 6 20 55 94 65 93 37 81 65 48 74 33 36 71 60 20 86 12 84 71 82 72 8 97 15 40 99 69 50 68 14 84 53 65 91 47 48 43 46 33 42 50 14 43 54 96 52 32 16 60 70 0 17 12 51 73 42 1 93 78 77 50 52 12 26 20 5 74 80 21 11 72 48 72 82 81 65 82 35 31 11 92 23 33 97 41 38 48 70 94 46 48 83 14 56 29 46 34 88 17 15 69 28 39 30 20 94 70 48 30
44 24 30 9 64 43 16 93 39 81 70 7 58 18 93 34 24 26 16 64 75 62 9 96 88 28 40 58 96 80 16 73 4 87 10 51 35 34 42 82 45 19 38 49 3 84 8 88 31 84 33 79 22 31 59 30 87 55 95 72 8 50 98 56 73 11 99 97 31 46 19 84 2 71 24 78 91 33 7 49 29 97 18 19 51 96 21 82 59 90 56 67 93 17 31 95 95 60 57 27 65 78 10 7 69 23 83 74 99 47 18 54 42 62 27 8 27 39 46 68 49 96 57 58 42 56 39 41
72 39 48 63 70 63 21 31 18 57 29 74 54 20 58 62 83 91 77 62 24 43 17 78 9 17 64 39 69 67 52 64 11 23 88 15 86 14 84 94 76 51 1 86 41 39 34 22 14 4 26 67 67 28 97 90 1 42 54 70 55 96 76 18 52 87 24 44 30 52 75 73 43 87 28 34 89 30 40 70 86 42 6 90 2 36 23 62 28 82 43 84 48 57 63 94 9 49 38 71 56 58 96 18 65 10 39 79 37 94 55 82 79 28 13 48 12 37 46 67 2 0 51 53 54 81 19 85
14 38 70 30 56 41 93 69 8 84 0 49 69 35 39 81 30 3 55 77 39 29 89 23 1 2 39 45 37 59 7 72 8 31 3 12 13 3 15 98 62 75 91 22 22 20 94 95 17 17 59 25 15 8 70 43 12 0 31 67 14 82 14 41 17 47 59 89 63 43 36 35 72 52 20 57 61 59 74 41 57 43 42 3 67 71 72 40 76 53 97 99 7 26 38 56 72 64 99 10 57 25 12 70 23 85 58 76 37 44 71 21 89 7 75 86 15 15 2 21 25 26 66 60 98 0 25 19
14 29 96 40 62 53 65 48 57 44 79 11 70 66 48 17 50 13 63 56 46 56 47 41 45 38 61 7 97 19 13 66 96 3 17 71 4 97 61 1 97 18 3 35 26 26 50 41 52 65 50 24 77 4 62 32 99 58 5 60 38 0 51 64 92 84 18 71 80 21 97 68 10 42 3 88 30 10 65 73 21 94 93 12 74 71 14 78 48 85 17 65 7 98 1 49 77 42 83 56 97 77 51 81 52 23 51 55 5 67 53 3 41 71 90 77 29 56 29 12 89 35 36 27 73 10 34 23
85 86 87 32 6 38 47 81 42 13 34 16 71 35 98 68 3 1 45 91 46 75 3 56 51 54 19 94 72 1 16 33 23 21 95 37 72 38 0 44 27 8 53 66 51 47 31 98 34 18 31 49 98 1 59 11 94 7 23 29 47 68 53 3 22 32 13 96 60 49 18 96 65 47 65 57 55 73 92 99 40 18 64 12 52 54 36 36 20 14 29 59 33 17 79 16 61 89 76 71 50 38 8 76 5 41 66 3 40 21 57 76 61 99 92 15 29 61 69 33 10 20 60 66 9 84 9 52
4 39 31 5 99 58 78 26 93 91 58 59 92 4 4 24 18 9 69 44 62 52 54 16 36 0 79 58 43 66 82 74 13 65 17 96 98 48 40 67 75 22 94 4 15 50 96 70 59 81 14 41 83 33 74 60 70 42 56 47 9 39 46 28 52 75 41 63 2 7 90 75 21 58 50 25 23 26 15 2 85 70 40 38 36 8 6 20 83 46 86 55 89 91 19 39 31 3 42 95 44 58 99 23 45 38 99 50 3 57 94 40 1 14 27 37 26 48 39 0 9 88 57 80 70 52 13 34
21 93 86 73 22 60 69 13 27 44 65 54 77 39 17 36 5 67 16 63 67 95 88 72 71 10 24 58 85 85 40 12 12 22 2 73 77 71 48 35 25 4 92 90 27 26 53 85 37 9 50 84 72 6 5 97 71 20 45 13 86 20 67 2 92 22 77 53 32 48 34 85 47 92 98 78 2 77 48 42 16 53 39 17 70 9 37 41 10 30 66 0 81 51 1 10 97 90 66 13 34 34 70 98 63 42 76 33 93 79 22 62 42 10 76 93 22 75 25 30 8 23 82 86 25 43 25 46
57 44 53 14 11 74 3 32 6 29 3 19 60 93 34 31 21 8 85 13 58 65 54 15 41 50 41 43 2 90 51 87 46 65 80 55 63 67 7 96 37 96 69 49 79 94 16 49 4 31 0 29 70 59 66 34 78 97 49 82 54 65 84 24 92 97 21 42 64 7 44 18 17 98 62 7 64 18 24 32 81 47 83 9 67 71 35 73 17 11 96 83 89 17 52 54 21 24 93 29 81 38 5 16 67 6 24 39 95 65 66 85 34 82 56 37 43 71 70 52 52 73 40 9 87 34 7 78
33 47 63 59 66 24 52 24 51 38 39 73 22 20 81 16 85 66 98 55 24 59 46 53 62 74 5 76 96 62 8 83 50 39 67 25 75 45 4 8 4 18 62 29 92 44 86 34 65 53 14 51 73 39 87 78 85 66 38 18 87 94 95 64 73 28 63 50 98 79 93 91 74 9 53 82 10 98 53 51 30 54 44 98 38 97 16 4 46 14 64 67 27 9 83 78 58 19 7 20 51 76 20 9 29 46 93 94 46 76 82 98 32 72 20 13 18 18 18 77 91 40 10 46 71 83 79 0
50 1 56 22 6 44 73 28 83 67 48 33 18 47 47 23 6 14 2 2 47 65 67 83 19 99 38 0 13 36 89 62 73 16 2 55 93 8 14 55 12 84 78 2 74 46 12 1 98 84 94 53 32 23 44 95 15 33 50 99 55 29 67 8 91 19 17 27 3 20 88 42 72 79 6 81 88 25 62 38 53 69 42 67 22 72 64 0 5 16 19 33 47 44 53 21 72 39 84 67 85 67 77 43 14 21 27 38 23 8 95 48 1 77 23 47 67 17 2 45 34 87 40 14 42 70 72 8
45 18 77 6 35 44 54 99 19 88 71 98 80 96 37 16 68 81 93 85 77 16 5 96 73 63 49 41 50 19 68 80 21 34 65 1 48 15 1 18 82 7 58 83 94 13 54 8 2 24 65 71 6 11 83 48 87 25 20 63 94 64 9 79 42 76 69 60 15 98 39 85 99 58 21 20 59 62 40 33 52 45 70 30 29 64 96 49 79 94 69 4 9 82 82 50 63 42 32 35 62 55 68 37 28 87 25 23 93 32 99 2 60 2 50 36 59 12 41 7 97 65 6 73 60 10 28 39
53 94 93 24 45 17 81 48 37 93 44 63 86 57 52 26 2 95 62 77 11 51 10 81 36 81 88 8 34 8 83 73 41 69 80 28 41 4 93 8 74 69 21 59 68 9 61 36 17 87 77 71 89 70 4 25 78 60 14 76 10 9 40 63 91 64 47 33 54 38 74 19 75 85 25 42 48 42 19 86 35 15 65 72 66 11 9 22 71 97 62 94 60 30 6 78 96 21 71 22 80 47 76 18 87 49 62 16 77 83 11 83 6 70 34 10 31 13 13 3 80 80 55 72 63 31 11 15
89 89 92 90 60 56 28 98 33 66 18 13 55 0 49 53 7 68 44 60 57 92 17 3 79 45 21 65 44 61 57 3 20 22 1 81 80 67 32 30 27 76 0 34 18 20 18 11 35 73 17 28 36 13 56 95 78 32 59 38 19 45 58 31 2 57 55 75 14 12 67 72 24 6 93 75 11 72 9 69 52 76 31 44 97 96 77 78 26 3 30 50 5 81 65 11 35 1 50 74 45 22 9 66 43 62 48 44 93 92 71 5 20 71 67 84 23 96 88 90 42 84 45 14 52 50 93 73
20 25 41 99 76 47 50 56 38 43 85 34 62 75 16 80 67 80 70 48 52 72 80 28 95 47 99 5 41 93 55 41 78 91 69 10 44 97 30 32 65 16 59 98 25 36 8 6 95 76 7 86 59 42 43 73 58 8 22 92 27 62 91 4 2 41 65 7 98 4 92 53 17 21 79 69 39 31 16 26 79 5 15 48 30 77 33 33 3 22 39 73 33 16 77 25 19 25 39 53 55 69 44 64 64 58 50 52 4 92 55 73 7 94 50 16 18 32 25 97 81 76 45 59 39 72 73 5
4 4 63 58 6 72 65 7 99 56 64 57 79 9 71 42 41 75 42 95 2 86 92 77 7 38 79 36 50 75 62 1 92 22 60 52 74 59 11 54 0 4 76 22 73 5 44 52 84 32 96 53 34 37 98 24 33 0 39 21 28 94 92 13 25 35 8 25 86 26 2 6 5 3 70 38 85 29 13 96 35 41 91 36 58 6 5 79 43 64 25 79 9 93 93 48 97 84 43 9 48 53 48 61 27 14 53 96 92 79 69 31 40 13 58 19 99 99 55 63 29 0 7 0 76 90 22 69
95 67 57 42 13 71 66 25 69 69 69 69 65 68 10 78 57 41 67 24 42 27 83 5 96 5 4 17 28 6 60 96 76 75 89 98 50 92 20 16 24 60 67 65 44 12 32 83 46 91 75 93 20 16 49 85 57 97 1 23 15 55 45 91 35 69 2 41 36 63 19 96 79 5 69 77 90 37 12 48 67 19 24 77 36 34 55 67 76 88 81 99 96 25 77 59 73 62 17 73 75 89 46 85 10 71 37 69 58 68 65 82 39 23 42 64 42 28 28 26 53 70 17 87 2 8 31 4
43 29 45 44 11 49 46 97 42 11 58 87 13 36 29 2 41 52 62 0 73 27 54 50 20 50 56 92 75 85 60 85 1 15 3 94 7 9 27 53 95 26 54 35 65 87 13 0 60 14 11 42 4 18 87 93 99 95 51 69 72 6 38 79 87 95 45 21 34 33 18 69 21 2 83 50 91 14 31 38 44 40 13 45 80 67 93 15 90 19 43 81 11 69 61 29 66 75 26 60 92 89 10 25 80 5 38 72 71 18 51 32 26 85 18 65 14 33 54 27 33 10 14 42 22 74 81 70
56 88 13 80 92 60 18 38 39 10 48 13 40 58 15 48 25 99 65 55 38 26 11 67 52 12 34 36 47 58 96 40 7 71 20 69 52 67 37 39 1 1 4 27 96 79 95 73 22 47 72 11 12 11 57 33 24 69 94 0 83 43 21 52 35 0 65 20 39 74 77 18 8 58 76 68 17 31 80 47 91 29 48 62 97 39 38 53 90 17 63 26 85 21 18 47 52 46 76 54 41 6 57 5 90 67 62 55 23 19 21 77 84 15 4 99 15 85 20 44 18 96 93 29 18 29 3 87
25 75 29 14 87 40 21 46 7 73 98 37 38 9 36 14 97 49 42 25 11 80 22 70 52 90 63 58 41 8 6 58 41 32 33 23 19 79 88 38 42 71 49 92 0 5 84 73 36 63 58 17 67 21 90 76 31 19 25 81 38 58 33 96 40 81 16 96 31 86 4 42 89 79 54 75 58 42 92 19 52 81 71 93 98 86 23 73 18 58 1 80 67 83 88 48 74 93 25 5 10 94 90 66 48 47 10 82 55 58 79 46 27 0 29 23 83 61 55 12 13 6 25 23 52 26 31 93
69 48 83 42 85 10 57 84 45 92 30 60 21 49 96 56 43 1 49 25 35 67 62 30 34 80 66 78 17 3 37 40 40 84 37 90 25 90 66 44 86 59 78 16 29 90 42 64 80 45 25 52 30 87 0 20 88 14 0 60 22 80 4 39 78 0 85 6 73 83 55 73 2 17 70 31 56 86 71 6 9 56 95 54 72 45 78 4 87 8 66 84 37 83 69 19 9 77 48 59 20 13 63 8 8 13 14 15 55 16 36 41 7 82 69 66 93 39 47 0 78 98 99 30 21 74 14 57
43 74 28 39 82 85 42 70 27 87 25 69 27 13 56 23 28 75 53 92 12 40 82 73 62 63 59 52 4 32 76 56 93 59 20 31 54 37 74 13 10 50 98 93 13 98 99 27 57 82 78 86 59 30 96 54 10 16 69 99 78 53 53 6 91 0 31 3 4 41 61 74 95 7 21 90 81 46 28 35 99 22 18 84 30 27 14 60 74 9 21 40 15 37 56 1 41 53 82 52 31 5 11 65 63 85 85 28 73 42 36 10 75 27 58 49 9 64 20 73 23 32 71 42 67 80 22 34
3 25 64 12 76 12 50 39 36 45 63 30 57 32 53 20 18 76 80 66 21 4 44 19 86 13 94 14 2 92 18 5 70 24 83 29 88 49 12 3 90 40 40 62 52 25 35 20 58 50 88 14 16 96 20 36 83 48 39 3 66 65 25 74 66 1 10 55 11 41 68 88 6 27 65 75 29 81 30 87 59 13 46 11 37 69 34 14 8 39 12 21 37 15 27 38 63 42 21 81 34 95 15 34 11 53 22 96 72 39 42 70 84 3 85 87 63 40 59 21 51 32 14 30 2 36 52 42
63 73 88 6 10 40 79 22 59 82 68 29 98 4 72 6 12 92 62 18 95 66 90 19 53 53 71 53 34 79 17 80 37 17 23 77 94 92 65 10 52 52 39 26 18 77 8 69 68 86 29 53 32 79 40 5 10 4 25 0 39 46 57 34 67 25 48 9 43 89 53 77 63 28 72 0 78 92 8 83 0 88 97 4 98 47 45 58 35 85 60 79 39 77 92 19 63 10 54 27 77 93 80 39 87 34 65 79 0 10 17 7 29 39 24 87 0 77 16 41 61 4 37 97 93 19 71 80
44 66 41 38 43 39 64 11 62 8 4 66 92 20 37 87 65 34 77 67 57 67 39 8 19 59 88 89 81 78 61 70 40 48 85 89 26 95 60 51 74 5 55 27 54 90 59 77 94 27 53 18 61 85 23 38 45 58 9 75 95 61 35 76 27 17 13 33 55 31 79 86 49 34 62 59 90 61 28 25 85 55 28 85 41 50 32 79 5 44 51 88 3 60 2 37 43 11 65 25 60 13 24 26 0 57 10 71 1 77 43 5 58 77 64 14 98 21 46 39 45 83 15 55 94 69 71 37
10 25 33 51 97 54 20 32 64 91 9 6 33 34 54 3 18 80 54 28 65 73 90 10 73 35 71 22 25 42 50 49 56 75 20 68 84 53 75 52 45 66 49 61 10 43 67 23 80 64 31 24 89 15 24 78 88 38 79 2 89 7 11 33 51 96 11 23 82 80 16 68 93 32 30 97 60 64 12 69 83 79 41 52 34 53 22 12 53 85 31 58 46 51 78 80 83 94 58 84 43 97 74 83 82 57 64 49 33 63 56 29 62 8 90 98 33 2 57 82 73 63 8 15 3 72 78 21
15 80 58 88 18 95 93 42 14 31 28 46 60 84 76 90 31 43 50 89 92 39 13 20 22 66 5 4 32 8 58 97 71 24 91 86 17 24 80 48 40 25 93 46 9 69 11 52 13 58 80 3 42 72 57 80 27 6 52 52 18 18 71 14 58 91 4 22 89 11 49 24 10 85 90 68 52 77 78 96 99 28 27 49 10 98 35 45 29 42 4 36 8 10 20 26 95 97 33 39 77 78 59 12 99 45 2 55 81 5 6 62 15 97 71 87 45 53 14 48 25 67 86 18 92 34 51 9
54 48 89 76 83 0 60 75 91 82 59 10 64 19 26 86 52 96 35 73 22 46 34 96 20 48 71 99 50 56 78 9 63 22 86 1 86 68 25 57 40 57 52 27 60 9 21 75 60 4 39 87 93 71 8 18 57 54 79 40 4 90 11 97 54 75 43 83 33 58 3 83 90 46 53 85 45 43 9 66 18 16 93 95 48 1 6 85 19 6 96 92 5 59 91 72 92 51 52 74 63 9 10 78 68 65 78 74 28 60 96 26 97 79 36 5 82 81 39 55 49 55 10 21 72 40 70 0
26 94 73 48 46 38 5 52 65 33 1 89 99 58 85 38 72 94 49 7 15 22 44 55 74 24 9 92 49 69 73 84 3 78 14 63 45 62 3 6 89 40 55 0 32 55 77 29 88 67 93 37 66 89 0 46 49 75 0 10 44 70 5 45 86 89 86 25 45 82 0 39 84 60 8 43 30 60 3 30 15 65 71 71 57 8 31 0 37 95 1 33 69 61 28 30 65 81 19 75 23 16 47 26 70 15 97 85 86 54 16 43 94 11 20 59 74 2 73 50 48 35 95 11 79 95 81 76
87 65 59 80 57 51 11 51 74 64 96 43 31 74 41 41 55 21 85 61 2 54 51 64 77 46 54 83 50 71 86 60 74 19 80 48 47 57 42 65 56 4 26 41 47 74 6 40 11 42 14 52 96 50 73 94 47 70 18 88 40 24 6 30 42 35 5 75 89 71 93 67 44 13 4 19 23 37 27 7 13 92 19 56 88 94 8 58 66 71 91 96 40 86 16 53 91 55 37 82 90 71 76 40 64 5 13 68 4 53 34 12 36 66 84 63 10 67 17 4 1 91 82 90 23 16 2 82
32 46 30 11 80 7 42 49 19 96 1 97 1 86 56 72 71 63 61 87 48 49 38 71 29 32 88 30 42 84 86 14 93 50 12 35 25 38 5 84 45 0 66 41 67 13 20 66 98 25 80 37 51 16 34 62 98 55 74 13 91 5 7 31 9 61 36 47 77 9 18 68 77 84 57 35 38 86 75 11 30 45 11 3 32 22 91 28 15 21 94 21 5 83 89 42 78 30 17 36 25 57 2 57 81 1 59 40 52 60 5 14 79 46 39 35 73 32 18 33 35 92 41 89 43 5 92 1
94 8 63 51 81 94 10 64 67 60 0 4 67 82 18 76 45 78 83 97 96 57 33 69 83 46 15 38 64 5 79 17 98 81 77 70 35 37 81 91 6 33 55 90 35 49 27 0 19 35 19 70 51 67 96 38 80 47 60 67 86 39 13 1 18 84 1 14 63 29 77 9 11 83 95 22 95 42 4 95 54 1 33 58 95 70 65 25 5 2 76 34 84 25 12 82 68 84 57 97 43 47 99 68 17 47 39 29 43 56 66 20 20 98 28 11 91 84 75 30 96 37 81 69 98 78 11 28
64 32 39 57 9 34 29 67 1 60 84 41 1 70 98 80 0 7 69 19 60 12 16 17 8 4 96 80 94 8 28 63 0 84 41 1 25 1 39 86 51 51 67 82 43 14 57 32 27 9 69 56 16 46 0 22 86 73 78 73 75 12 12 68 80 16 18 11 67 81 10 61 5 25 43 5 68 96 95 47 47 25 29 69 85 92 53 75 22 54 5 61 4 35 17 27 25 87 30 20 61 15 9 49 54 93 21 89 44 59 82 87 56 27 98 32 51 43 63 30 75 58 31 4 68 71 70 10
99 11 43 6 25 91 68 44 87 31 94 3 75 86 8 87 33 85 60 7 68 90 37 80 76 76 27 34 37 74 42 94 2 62 54 19 52 48 66 76 36 88 94 92 55 46 0 22 1 26 31 5 11 1 75 88 88 88 2 67 36 39 31 77 42 24 68 32 98 31 31 35 2 7 66 81 55 60 96 63 61 69 48 13 2 57 72 20 55 48 12 5 0 90 59 35 83 5 44 51 54 27 32 31 60 23 63 34 14 87 87 85 88 93 4 38 20 21 89 35 93 96 58 14 22 49 5 84
36 90 5 25 12 18 47 91 12 98 27 42 77 17 61 81 52 23 90 28 44 19 32 45 16 67 77 22 30 19 17 27 89 56 53 24 85 66 71 12 50 24 69 37 82 63 6 61 94 68 29 28 70 57 18 36 20 96 59 7 58 25 6 23 89 59 76 52 4 28 10 54 67 35 2 73 1 21 70 1 87 7 63 5 32 89 92 44 84 77 95 92 59 99 64 22 64 77 82 77 42 82 61 11 48 79 49 79 30 63 76 86 5 83 55 2 57 33 84 71 57 65 8 80 22 4 14 28
58 76 79 91 94 47 30 56 50 81 7 95 20 83 28 74 23 19 43 96 66 24 3 83 32 11 22 72 24 49 78 8 67 21 39 26 17 85 35 54 19 41 98 63 11 36 76 38 58 14 46 13 11 56 34 22 61 1 66 24 54 71 38 57 68 20 37 82 68 81 86 6 29 67 21 23 78 65 6 16 7 45 83 72 17 30 34 97 18 76 82 77 80 63 76 4 83 67 50 44 87 67 59 7 56 46 20 51 97 97 7 53 96 56 90 36 98 60 1 85 43 8 5 63 97 11 1 77
36 99 50 71 96 21 27 79 5 32 98 3 16 71 50 64 75 77 98 58 91 98 95 9 25 63 76 30 57 78 89 75 36 93 82 21 53 73 90 18 77 84 66 12 9 22 0 78 9 45 96 82 7 80 99 15 57 57 41 59 30 59 42 60 69 69 84 34 57 46 54 79 87 93 81 3 0 7 12 63 37 18 43 30 34 70 91 58 30 19 99 12 65 14 79 14 19 75 85 67 90 66 6 23 15 32 33 3 36 11 6 42 59 42 57 45 40 99 46 68 95 18 7 16 85 86 21 48
45 75 32 89 52 18 13 32 78 9 18 61 76 52 3 77 55 77 18 55 76 49 12 35 51 60 42 30 56 62 27 2 5 49 33 4 52 90 51 44 29 29 84 34 36 16 51 38 69 36 96 31 89 46 60 97 52 50 44 32 23 39 40 7 85 62 59 44 96 33 47 56 8 60 90 17 95 47 61 11 51 27 31 96 59 11 3 25 33 79 0 58 44 22 61 19 9 61 59 15 69 82 12 9 25 7 18 56 69 83 47 98 83 94 37 41 88 20 7 99 7 39 35 64 85 97 34 89
33 27 50 81 85 60 50 15 30 35 2 72 46 0 93 59 68 79 10 70 13 10 13 20 33 36 41 54 2 73 15 28 88 53 42 75 83 4 78 78 94 37 7 32 47 34 41 65 78 97 39 24 10 66 25 9 57 50 76 14 32 68 39 22 82 40 18 95 88 88 59 64 99 23 15 80 43 71 15 54 22 72 54 23 41 6 86 15 51 67 38 83 9 38 2 41 60 14 52 57 6 90 60 72 54 83 40 8 75 70 6 17 78 27 91 97 48 79 10 77 84 16 72 3 79 90 49 21
82 41 13 29 50 55 70 38 33 34 1 30 26 22 29 12 74 0 14 51 14 99 81 74 47 16 7 87 54 5 75 60 17 39 63 98 2 78 72 21 16 10 75 91 10 35 34 23 52 75 85 17 26 81 68 83 73 60 50 40 84 41 92 78 95 51 33 36 38 39 96 1 66 32 85 81 12 17 81 54 19 28 29 63 11 12 26 10 59 30 42 5 64 18 65 50 84 68 48 34 18 82 1 89 65 21 96 88 3 27 85 82 21 25 8 56 65 44 99 24 19 28 50 86 82 73 62 68
86 16 19 48 67 65 50 39 79 64 36 2 25 99 12 98 43 55 58 83 24 35 24 76 14 91 84 7 93 73 35 86 31 48 46 19 77 97 11 48 94 33 3 57 31 88 84 6 81 33 21 92 82 28 90 37 53 16 60 85 97 74 98 42 82 2 77 43 9 41 45 85 55 51 25 24 45 98 4 11 23 88 15 79 49 59 60 21 88 42 77 38 91 55 29 34 7 28 39 52 13 2 42 61 11 91 12 18 26 49 16 84 28 63 59 69 57 33 61 79 84 88 68 83 42 54 93 68
13 57 49 67 11 13 16 97 65 48 72 70 6 22 90 79 94 29 71 63 68 38 58 42 51 49 0 1 60 11 91 30 88 26 80 15 78 72 1 61 96 94 64 64 49 6 27 82 61 88 8 10 56 53 17 40 68 80 93 19 84 4 12 15 78 60 65 51 29 27 49 65 15 3 29 29 68 43 92 29 39 8 73 92 42 77 57 56 28 14 75 98 13 46 20 74 34 59 95 68 92 49 82 38 26 66 91 39 51 46 6 43 68 82 26 35 26 22 25 18 96 44 25 81 8 74 61 9
35 96 27 12 30 63 95 31 74 76 96 47 56 74 63 59 33 50 84 68 92 74 71 23 59 65 19 44 42 99 58 52 52 55 1 20 35 93 46 55 99 3 18 70 57 97 57 17 98 61 72 11 65 49 98 71 76 65 72 13 60 19 18 27 53 8 55 99 88 96 69 93 85 28 84 92 66 82 46 50 36 0 87 54 73 96 56 7 50 51 54 96 6 54 18 52 22 97 73 96 11 67 85 10 96 16 79 41 67 58 6 93 41 19 22 66 31 90 79 79 17 28 63 24 38 90 58 54
27 70 32 85 49 49 40 64 27 96 83 9 39 43 11 82 46 54 2 9 60 70 11 68 24 49 51 19 24 52 22 17 25 82 29 48 87 11 78 45 11 41 90 85 71 47 48 56 6 92 54 65 84 4 0 28 29 40 41 90 29 66 77 44 66 71 56 16 6 1 67 15 21 19 89 37 76 68 60 89 74 82 64 38 76 51 3 22 71 43 25 28 43 15 97 76 61 54 24 47 99 20 54 94 78 67 17 50 43 8 78 67 50 2 52 16 59 49 41 54 43 54 72 52 67 85 92 23
24 26 5 15 66 82 42 10 2 72 10 38 37 52 48 85 37 8 23 12 15 28 53 73 15 38 76 61 10 62 33 40 4 51 49 98 78 13 72 31 76 29 76 10 47 92 78 38 21 22 87 28 49 4 16 10 91 42 68 33 91 38 17 91 96 9 93 55 50 52 99 2 66 32 49 99 5 75 55 14 44 27 24 7 70 49 51 77 17 52 93 5 96 70 87 67 85 22 94 68 67 41 40 17 92 17 13 93 6 87 82 57 79 94 72 81 40 71 1 91 27 12 53 17 79 39 54 5
6 15 14 81 74 5 34 1 6 45 57 14 93 23 54 94 88 73 47 19 61 7 59 55 60 51 25 29 35 63 39 39 93 16 72 18 22 42 45 91 31 77 63 74 56 99 22 43 19 3 28 97 55 22 59 16 88 67 72 88 10 90 14 59 50 50 0 78 24 12 84 79 72 91 17 65 70 44 8 96 52 74 97 73 78 94 83 5 75 74 44 46 72 62 73 85 99 94 24 85 51 54 70 71 67 93 82 37 57 5 59 98 21 28 85 75 16 2 70 0 48 15 7 15 70 77 19 85
48 20 46 46 13 12 75 25 75 18 13 34 87 19 13 80 62 34 25 70 5 83 41 79 17 38 10 20 18 61 13 84 51 61 76 75 38 71 95 44 93 29 48 47 30 84 16 4 49 14 54 41 83 66 43 65 18 67 46 0 82 56 38 67 58 17 89 28 61 87 29 92 79 86 38 50 78 85 82 67 9 25 47 49 28 7 9 8 27 66 85 58 50 53 40 53 78 14 12 36 39 32 77 20 35 11 14 34 50 99 81 24 54 82 48 49 39 18 75 31 17 15 11 80 65 42 10 36
4 41 81 71 40 67 67 72 21 79 63 44 40 5 23 48 81 79 60 88 56 49 97 4 76 49 27 82 59 85 47 68 14 12 45 56 4 47 89 82 42 0 77 34 8 39 65 40 95 35 77 77 96 2 49 92 78 69 65 82 10 39 69 46 60 94 95 16 76 31 76 46 81 99 9 96 17 94 48 18 92 59 51 95 74 26 52 69 3 35 54 21 77 75 71 13 73 82 74 69 5 53 37 43 11 85 36 59 26 98 64 19 12 84 88 9 41 17 8 88 71 6 72 88 54 93 67 41
2 4 31 55 70 76 87 0 3 93 57 26 42 96 71 39 10 64 41 61 84 18 52 86 99 73 0 86 85 74 75 51 50 10 64 3 92 92 33 17 28 35 22 7 91 74 78 6 5 39 63 34 50 21 12 69 27 34 25 88 89 83 65 71 97 38 58 29 75 6 0 83 58 49 59 52 64 56 45 21 50 81 53 55 74 4 46 84 7 4 18 55 66 3 59 36 95 51 4 81 60 69 75 95 39 27 39 25 85 74 75 81 77 66 41 93 80 77 17 47 4 76 65 63 55 73 59 12
96 61 75 81 29 4 10 94 56 69 18 66 37 86 94 31 86 1 2 91 42 66 78 46 44 19 35 3 94 57 46 89 62 93 4 48 71 0 76 97 93 36 29 76 34 29 32 90 52 39 97 34 0 25 23 76 37 46 65 13 41 83 65 20 27 49 84 25 70 74 60 71 27 40 52 43 43 33 76 62 51 11 0 58 51 51 80 8 37 81 43 81 86 75 26 6 68 33 19 66 72 79 74 78 77 60 6 91 48 61 3 36 6 79 93 27 44 12 9 38 27 37 6 63 60 40 61 93
98 82 24 54 40 75 64 52 75 29 72 74 41 19 58 93 78 35 78 65 38 28 6 99 2 70 91 15 2 83 21 78 59 97 48 80 75 34 36 19 47 3 72 75 18 56 11 46 57 36 66 71 4 79 39 30 66 88 26 99 37 75 72 17 14 58 72 47 93 50 28 14 87 98 86 68 76 31 97 40 5 44 5 35 98 80 29 32 86 88 72 95 17 87 91 65 89 95 8 91 29 53 55 18 57 63 89 47 4 66 59 51 40 11 83 70 31 85 75 0 65 91 20 45 71 58 42 21
89 13 54 66 19 14 1 7 17 71 86 71 63 23 56 89 79 17 14 8 27 5 74 93 65 29 25 89 97 21 27 60 79 46 68 19 14 98 14 94 35 75 21 92 81 42 18 17 7 12 98 92 28 85 41 24 73 5 7 62 29 56 11 63 17 34 14 72 82 51 23 28 66 30 42 37 10 75 59 7 98 6 55 99 1 82 60 80 66 12 62 99 17 17 77 21 20 25 86 11 39 14 79 47 28 23 7 89 79 59 70 23 18 53 67 15 49 32 27 81 28 98 38 55 0 74 19 9
75 72 80 93 86 76 82 41 5 8 33 89 75 20 29 92 39 37 68 92 52 66 38 64 7 50 12 77 33 23 19 22 83 8 79 40 47 92 14 71 24 3 87 94 57 90 78 14 52 21 77 96 92 62 0 15 98 45 94 88 48 44 57 68 52 56 49 99 88 88 62 62 60 54 30 64 86 10 57 85 73 61 70 94 92 72 62 62 74 25 70 69 52 77 99 55 57 59 65 11 16 36 92 36 5 66 94 23 50 80 9 13 30 37 77 99 86 83 9 60 64 28 52 53 62 53 35 8
