128 128
35 89 58 30 51 95 23 44 73 21 71 49 47 78 34 40 79 10 19 58 45 48 18 8 6 27 36 11 81 25 35 67 22 38 16 94 87 39 68 86 80 9 3 17 77 41 45 34 44 5 83 14 4 60 72 93 5 5 13 16 15 49 75 94 21 56 72 34 76 82 72 45 5 63 13 95 78 28 53 6 39 2 3 68 49 73 51 64 96 14 85 75 28 79 83 74 40 47 58 39 65 30 45 39 33 68 47 87 24 67 39 32 46 48 63 5 1 5 87 57 87 57 20 27 26 0 10 17
93 56 81 83 8 55 8 44 4 54 66 84 32 27 81 99 29 63 45 55 5 71 42 69 66 26 16 75 55 46 62 0 35 16 77 87 99 64 0 88 75 1 12 47 34 47 97 8 47 40 23 84 7 53 48 48 54 31 45 91 24 69 55 30 58 62 89 76 45 80 22 79 41 82 68 46 88 47 56 68 87 80 88 75 86 51 64 84 26 18 21 46 35 36 3 59 54 88 54 7 67 47 36 3 74 22 88 87 55 15 75 58 27 49 83 50 69 98 30 65 91 22 40 88 42 2 32 72
3 65 47 17 44 7 78 7 54 70 8 94 18 18 50 5 30 94 91 46 54 79 89 1 72 24 15 51 21 91 31 19 3 93 32 3 16 9 75 49 79 53 37 58 60 30 2 24 49 61 6 54 5 61 47 42 82 73 4 68 1 28 19 5 23 76 34 89 13 91 15 92 82 62 48 11 43 43 5 89 87 48 45 84 63 44 1 23 39 37 2 64 30 15 73 29 12 30 33 64 82 60 29 68 97 4 63 32 10 53 22 14 1 57 83 43 26 14 59 19 79 46 68 21 27 80 4 41
43 82 24 91 74 39 29 71 8 86 99 51 44 28 9 22 55 76 87 67 11 93 70 49 84 39 3 62 45 74 54 19 90 61 42 76 50 83 40 72 46 16 70 70 38 44 7 70 14 70 73 21 40 28 19 12 56 61 80 73 29 99 0 51 30 49 83 77 45 32 53 75 97 71 7 0 88 85 11 57 68 51 25 61 18 41 66 8 28 92 50 30 25 90 68 89 0 55 1 38 4 77 27 49 6 24 47 75 65 98 5 90 19 83 88 39 34 62 10 0 20 78 27 23 93 35 70 32
34 38 94 39 92 82 64 70 99 41 43 15 49 14 49 65 50 93 99 39 74 34 4 87 44 92 32 89 99 43 61 70 88 38 96 36 15 84 42 74 2 98 2 59 93 17 15 18 9 50 55 35 95 98 5 72 91 56 33 16 88 13 88 7 46 74 26 65 15 21 34 49 16 72 46 32 59 73 74 69 11 35 99 8 16 77 12 91 67 0 27 52 94 35 37 81 23 37 12 51 97 27 5 9 30 23 63 68 18 27 81 67 56 59 1 48 73 92 45 83 49 31 17 45 8 90 16 77
50 69 58 47 78 1 13 27 55 68 79 21 36 34 61 50 46 41 72 22 17 6 60 72 49 35 86 59 93 83 94 77 50 93 2 7 26 53 4 92 42 75 33 40 30 82 46 87 57 2 68 1 83 77 47 70 27 56 0 87 94 31 33 55 14 40 69 85 8 69 38 14 25 64 32 18 50 38 97 43 15 47 84 52 58 42 65 88 76 38 22 42 80 19 31 68 17 30 82 71 85 73 14 60 71 3 75 0 12 38 86 66 94 41 98 73 65 75 24 24 47 77 61 16 61 20 71 43
0 77 17 20 27 47 97 39 37 48 91 83 89 58 84 98 50 94 45 73 71 64 24 75 64 25 54 71 84 50 5 47 27 73 81 19 15 22 92 97 93 23 29 85 90 98 24 49 2 10 80 9 83 32 72 55 78 52 18 13 6 92 25 46 2 43 28 2 47 76 82 62 70 42 64 9 97 74 20 15 43 66 93 41 14 30 86 19 80 23 54 34 62 43 93 99 99 92 67 5 1 96 14 80 40 30 8 43 6 99 28 86 92 15 49 90 52 14 47 95 6 67 56 27 11 77 44 61
85 4 47 63 12 38 39 31 94 45 8 45 82 86 63 95 69 59 48 22 49 76 40 25 71 15 65 27 74 59 92 84 25 87 98 83 24 44 37 97 62 25 9 20 52 1 50 78 25 39 71 82 65 77 37 88 50 17 88 27 57 49 74 59 3 84 37 15 58 16 95 96 2 18 72 42 59 58 3 84 87 75 64 63 30 75 85 16 65 97 65 79 32 48 60 31 61 55 54 94 62 9 53 74 39 27 40 3 52 63 77 65 64 91 75 98 1 39 97 13 0 63 33 84 99 94 71 8
38 99 11 31 0 14 13 73 56 40 5 26 5 25 2 59 62 98 23 51 10 81 22 34 47 98 16 65 20 59 88 64 26 20 11 43 62 63 61 7 84 99 39 65 77 87 6 68 35 67 36 85 19 50 81 58 97 18 96 41 50 80 13 34 25 46 63 43 79 15 91 79 45 42 66 67 5 85 65 7 24 43 23 41 99 60 82 15 95 80 66 94 73 76 65 85 38 84 50 52 24 99 75 81 64 14 29 51 87 73 85 89 88 82 63 70 13 6 74 90 54 44 67 57 85 41 99 76
52 45 96 70 90 7 74 36 7 0 33 74 95 93 38 47 48 2 92 41 82 47 21 26 43 25 29 45 85 50 36 31 73 36 99 20 54 92 22 98 67 65 52 85 12 73 14 42 87 8 31 71 43 14 21 13 46 59 70 72 27 96 56 98 33 6 30 41 14 95 90 39 42 73 81 44 63 9 51 35 27 39 25 72 40 82 40 52 16 20 62 6 5 52 92 54 60 97 76 97 28 46 74 85 84 91 65 4 62 99 34 83 49 49 72 42 34 34 49 46 41 77 71 62 44 0 73 48
10 78 61 71 91 83 32 63 82 53 61 59 75 80 31 65 35 29 11 68 39 8 32 17 49 50 75 50 56 16 74 59 52 29 63 59 57 65 86 65 34 76 29 59 19 39 68 62 68 91 71 69 97 72 26 96 0 24 80 94 3 5 54 74 63 34 19 96 81 85 76 5 41 53 62 86 25 3 12 9 91 99 11 25 77 30 19 25 35 18 55 27 95 60 7 53 25 47 30 48 62 37 94 34 28 25 8 41 27 18 14 43 82 71 61 63 98 5 24 89 1 69 2 82 51 51 50 91
11 39 43 84 58 50 35 97 61 53 81 78 71 82 49 41 13 16 42 27 16 67 40 21 91 81 99 42 17 81 43 82 79 36 95 22 63 90 16 71 51 33 62 51 67 81 92 38 45 45 2 22 71 2 66 31 0 3 18 99 0 50 60 3 43 15 53 29 77 57 4 65 61 51 98 80 35 52 34 97 5 37 66 88 41 87 69 73 97 10 64 82 49 12 68 79 17 27 18 30 8 84 83 71 45 2 27 33 6 81 79 14 73 42 98 31 62 54 95 63 71 26 45 62 30 88 95 29
43 87 48 68 91 80 33 70 66 72 97 83 28 5 39 9 68 24 17 22 10 80 46 42 30 16 84 5 0 25 48 56 85 97 5 95 42 74 10 10 88 72 35 82 85 99 31 26 11 0 45 52 31 49 44 60 26 64 80 1 4 40 47 4 33 34 31 75 47 47 11 36 93 98 64 7 4 72 17 71 31 75 59 58 51 76 65 92 18 67 74 87 56 56 74 78 67 63 27 70 23 98 83 26 1 61 61 71 7 67 50 3 55 80 78 4 90 71 37 98 68 8 85 60 54 82 69 36
10 32 17 13 90 62 31 54 19 19 17 49 6 0 10 82 72 87 35 1 92 68 65 55 85 55 2 55 25 58 24 77 69 79 58 35 13 20 76 28 77 54 11 81 86 79 81 70 51 97 62 83 12 13 62 54 74 46 63 84 45 5 17 87 13 58 24 12 80 5 49 7 41 37 26 35 53 73 79 84 81 67 76 9 27 10 26 39 30 87 56 7 95 25 72 71 56 23 54 19 23 1 83 31 6 27 92 30 95 23 88 59 6 44 92 79 75 94 17 28 58 25 32 52 47 78 97 67
6 14 83 68 81 99 9 46 70 0 91 56 60 52 9 47 29 98 52 63 91 51 69 74 90 27 98 66 23 82 34 90 70 11 33 13 67 26 19 93 72 96 34 93 57 94 15 11 93 28 0 92 81 39 34 42 83 56 86 44 2 22 55 19 1 85 80 34 75 58 53 53 37 94 98 86 3 60 58 22 60 76 69 15 11 55 40 84 95 77 7 40 22 88 73 79 16 75 18 38 96 84 29 64 66 6 74 78 96 93 58 50 35 32 32 32 44 89 84 72 40 11 2 19 84 83 3 16
51 22 8 52 93 11 19 31 83 49 75 7 36 58 77 37 86 98 25 80 30 56 55 37 27 40 97 11 63 85 25 75 95 34 7 66 99 72 24 16 91 34 21 55 72 1 12 24 88 27 38 89 71 97 64 76 99 89 14 38 15 72 8 9 48 8 66 65 61 31 56 62 7 18 24 27 8 73 97 89 84 47 60 42 49 21 36 40 99 27 44 8 65 99 53 60 40 79 28 65 88 14 96 95 10 2 36 46 26 33 9 82 20 64 38 93 77 87 29 80 33 27 46 30 77 1 35 67
97 64 33 40 74 38 10 65 71 56 76 5 65 38 14 8 58 8 41 43 52 63 54 72 29 90 13 53 85 48 51 39 97 65 8 94 10 54 24 49 98 83 87 46 61 3 36 41 72 65 56 91 25 96 76 88 8 58 43 16 84 98 35 87 24 16 67 47 59 87 71 66 18 19 64 67 25 23 44 72 0 23 16 56 44 26 41 96 89 46 70 2 75 76 23 0 36 48 33 42 21 67 35 22 78 26 96 9 7 94 29 97 69 77 6 85 71 72 85 52 11 72 96 52 8 71 84 78
95 10 44 33 81 14 62 5 5 45 86 29 10 64 48 33 14 0 11 88 52 59 17 22 11 98 1 55 70 54 20 30 54 2 52 68 69 90 32 32 8 53 78 35 80 84 12 23 21 59 62 23 9 65 20 72 19 72 53 90 65 43 75 96 84 30 5 16 42 31 1 8 50 97 66 69 16 45 32 50 23 73 33 89 89 7 72 96 63 15 63 45 39 23 75 19 22 16 51 22 2 16 11 0 78 36 98 25 31 92 88 82 84 14 21 35 50 17 13 92 66 71 37 24 34 16 9 12
22 69 57 22 17 80 68 5 19 0 3 15 99 25 51 44 59 3 64 74 11 82 56 23 28 68 89 11 23 54 92 61 40 26 48 66 19 33 99 79 35 51 49 9 69 29 42 34 54 17 75 88 73 98 57 68 92 35 82 55 63 74 12 37 83 30 42 60 7 80 16 20 36 59 0 51 27 90 10 1 43 56 69 84 21 21 91 44 88 23 17 94 38 50 32 40 71 87 62 82 73 20 18 5 9 22 67 30 78 89 34 12 23 33 26 7 32 25 58 63 75 92 4 52 30 36 42 14
46 15 84 60 16 4 60 49 32 85 94 12 75 53 51 81 75 44 16 82 57 1 52 96 48 95 20 11 80 79 77 72 92 26 3 62 29 94 89 67 15 81 3 89 40 49 29 98 55 92 50 71 67 9 95 25 14 72 90 12 13 41 17 45 51 21 92 50 99 77 61 19 68 33 32 95 67 35 11 78 36 39 81 17 13 47 59 96 82 21 41 33 30 33 29 59 49 69 62 93 95 59 15 60 2 4 8 15 10 69 29 4 36 13 42 4 47 90 90 65 39 43 43 96 38 49 70 41
84 28 38 31 51 88 53 39 36 66 31 60 74 55 49 47 34 95 38 32 75 37 46 98 91 9 90 36 3 61 4 96 62 61 67 55 28 29 15 10 21 0 82 12 60 39 23 40 23 62 71 55 7 5 92 50 89 34 7 16 31 85 9 31 17 69 46 2 89 65 17 86 4 31 18 58 94 22 47 15 86 18 90 37 44 22 17 0 46 9 58 24 90 4 80 33 28 66 19 31 72 89 67 46 92 83 53 54 47 32 56 46 4 3 14 10 49 0 98 70 21 59 79 99 4 48 94 75
57 8 9 56 6 7 32 92 79 41 83 21 16 94 91 67 68 68 94 50 26 24 41 96 76 68 38 74 20 73 66 19 66 63 15 61 17 37 14 85 21 29 60 63 48 9 40 47 44 43 61 82 2 61 26 73 73 87 69 55 85 22 25 52 56 49 76 52 34 37 57 71 78 96 16 95 8 94 68 44 33 1 96 56 88 3 49 9 88 90 52 59 16 76 70 53 35 37 28 56 95 0 69 84 10 34 67 43 93 2 81 95 15 19 61 45 80 29 99 30 21 14 70 23 35 91 17 7
44 79 49 78 22 39 47 75 61 26 23 58 56 71 18 75 57 91 63 9 54 44 25 95 84 69 63 55 85 38 9 21 90 85 62 22 98 22 54 25 27 57 63 79 12 3 65 81 80 76 66 72 19 83 48 97 24 12 91 4 5 2 24 34 78 19 3 20 29 36 86 37 41 50 57 46 75 51 50 16 30 49 49 9 13 51 53 70 79 81 2 56 83 31 16 43 5 32 57 64 74 7 74 47 3 59 1 95 41 71 62 31 38 68 37 34 84 93 60 98 30 84 71 63 87 76 46 66
21 82 50 39 11 6 64 82 3 69 0 97 2 33 1 20 62 91 65 91 18 77 76 25 52 93 20 42 21 95 34 91 1 19 99 35 50 91 0 79 74 7 99 82 34 42 48 48 11 14 91 72 84 22 28 77 74 71 65 51 77 92 61 21 93 5 20 35 77 27 50 25 4 2 81 95 99 26 96 13 80 4 71 26 51 82 49 61 8 19 93 74 27 93 79 75 29 52 41 21 64 5 47 27 66 12 28 9 60 75 97 36 44 5 98 8 63 36 30 30 85 80 30 37 97 14 8 33
72 33 93 51 68 36 59 9 83 4 37 33 89 64 19 3 68 85 7 87 96 63 52 47 14 68 95 11 83 77 83 6 64 22 9 89 68 53 47 26 43 68 71 32 24 76 96 23 78 76 82 99 3 6 73 23 27 31 39 60 1 3 66 97 67 54 13 77 34 41 0 51 32 23 84 12 41 55 59 78 55 46 24 49 84 22 58 40 8 41 78 6 7 12 12 10 79 7 76 45 0 20 66 97 49 27 19 19 10 26 24 98 44 13 31 28 63 38 12 16 11 10 2 96 3 29 66 53
73 46 38 85 5 97 68 3 94 48 73 12 15 20 88 3 72 0 58 33 68 84 46 69 6 17 54 15 8 18 89 88 28 81 31 55 18 5 14 90 7 26 41 38 28 10 31 60 72 19 49 34 72 81 20 96 41 19 88 81 9 6 43 56 24 44 3 68 69 20 5 67 43 88 69 37 68 50 21 80 26 86 9 49 93 78 5 22 32 48 54 79 3 35 46 26 48 86 56 68 31 43 75 4 42 98 55 82 81 83 1 37 73 47 52 26 71 77 53 65 62 72 68 38 65 55 6 48
60 3 29 64 83 44 0 86 46 91 66 20 36 74 98 30 77 51 0 69 74 24 48 97 97 26 46 0 47 96 8 82 72 23 65 53 88 89 52 29 49 61 5 49 6 39 25 4 90 65 11 90 36 81 19 10 45 83 37 44 11 99 24 48 7 64 33 6 43 80 48 40 31 93 52 31 37 79 66 65 99 90 7 91 3 37 39 20 25 80 12 83 54 42 63 4 47 60 35 0 81 36 91 92 2 94 50 36 26 32 51 21 6 40 60 64 29 95 62 65 53 1 0 6 85 65 74 78
76 50 17 7 18 92 5 51 92 92 32 67 52 63 4 7 53 54 94 41 99 8 34 38 27 6 50 70 26 64 90 68 21 9 96 3 76 21 4 44 89 24 77 33 26 18 50 26 63 48 18 26 61 8 71 22 64 31 2 26 57 24 37 39 53 98 25 14 36 54 36 69 42 15 21 35 51 7 80 86 4 60 4 0 38 95 30 2 54 79 52 37 72 74 7 64 80 4 17 85 88 60 59 35 75 65 31 15 33 52 18 78 36 96 97 19 38 61 99 73 97 44 13 49 48 36 70 74
78 49 30 99 45 99 87 24 75 38 60 29 21 93 35 77 21 92 38 67 88 70 43 74 35 67 32 25 86 97 93 50 28 57 70 64 47 77 34 18 26 69 97 82 39 2 8 62 62 93 58 24 4 12 75 60 51 65 83 49 56 73 50 81 38 78 39 12 32 86 13 70 76 36 50 28 56 80 49 57 41 41 84 12 22 22 32 69 51 77 85 29 63 86 7 55 27 52 25 21 32 13 0 22 86 6 47 11 4 98 30 59 74 4 57 5 17 9 20 41 81 11 94 48 3 90 21 74
3 78 4 68 90 28 33 72 98 40 60 19 47 51 50 41 36 5 58 76 37 52 68 31 83 18 32 52 28 60 22 34 75 35 42 85 50 46 58 83 34 46 29 84 21 80 3 20 69 78 57 31 48 94 40 51 19 87 28 70 76 63 11 64 2 7 4 85 82 23 20 92 76 67 97 96 50 90 48 18 1 54 62 72 83 10 36 64 5 47 78 73 68 80 80 13 84 88 14 46 10 86 68 70 67 0 20 16 5 30 3 66 94 16 17 45 40 5 39 87 86 29 44 63 64 62 1 57
31 10 17 34 67 27 86 77 29 80 8 56 59 72 28 44 60 97 29 0 70 4 15 46 75 37 88 75 51 6 28 27 42 14 37 88 19 23 3 85 24 45 15 85 22 91 84 45 22 99 34 47 78 24 44 89 56 87 93 2 73 23 28 28 59 85 42 95 29 63 35 97 88 52 22 53 2 32 61 32 31 46 50 4 28 7 74 62 23 97 30 12 97 33 80 91 19 77 38 39 67 64 29 35 54 5 89 95 3 98 52 62 69 97 22 2 44 67 66 78 47 65 58 38 10 65 41 59
31 70 66 18 94 49 67 21 90 51 79 57 27 60 71 30 62 38 92 16 83 39 9 21 35 47 24 7 99 74 37 91 52 64 35 6 15 60 9 60 32 54 24 36 91 76 20 52 78 58 13 86 23 86 21 65 38 24 62 32 41 21 83 60 63 62 37 63 77 54 87 34 40 64 28 32 19 67 86 42 11 58 19 97 93 43 87 10 85 38 28 89 11 44 82 31 67 51 30 26 41 22 92 18 86 82 85 75 28 95 54 39 6 80 81 31 65 88 48 92 0 94 16 50 89 78 68 80
55 69 54 20 71 33 93 88 52 83 28 95 85 79 19 18 47 66 47 28 70 65 16 12 63 17 43 8 40 21 55 23 17 5 11 48 63 95 90 3 64 85 43 72 12 56 52 13 36 74 31 42 51 36 18 16 50 39 41 15 15 32 83 80 39 62 59 83 64 1 32 89 37 10 72 79 88 86 94 73 11 56 38 88 93 72 57 6 92 23 77 67 40 46 1 6 1 93 65 50 79 30 55 43 33 47 98 8 46 3 99 22 48 25 92 36 5 81 73 12 79 67 50 55 3 89 49 84
72 98 39 66 46 39 2 72 60 63 61 76 58 28 69 89 31 49 96 42 12 65 67 67 68 91 50 79 67 8 88 41 85 97 28 52 66 30 22 44 2 73 91 32 81 77 3 72 64 81 78 86 79 21 77 42 57 4 8 66 15 47 24 93 80 57 39 95 88 97 54 10 8 95 2 89 11 9 9 71 32 79 88 0 26 90 37 20 5 42 13 0 74 10 37 57 35 46 51 11 83 77 51 8 75 28 54 2 20 4 85 63 89 10 45 19 66 57 7 59 80 76 54 0 9 28 4 3
43 41 71 17 42 35 9 5 17 46 83 37 90 33 43 46 96 8 43 72 69 15 95 48 32 2 41 71 62 60 26 58 27 90 26 53 51 15 55 33 46 14 1 30 16 38 7 11 66 89 16 49 47 49 50 1 62 66 82 73 87 18 57 84 13 73 98 20 93 9 48 21 94 82 41 10 53 95 74 11 42 87 88 31 54 28 45 58 68 39 21 62 81 98 30 53 91 52 74 42 58 20 33 35 23 18 27 26 95 88 85 60 38 52 31 65 69 73 39 25 39 6 59 84 94 57 72 70
31 88 0 54 37 36 70 66 16 74 86 15 87 67 50 49 56 87 52 1 18 98 55 83 2 0 94 78 96 95 34 44 26 36 16 0 44 85 42 62 40 74 91 86 8 53 31 93 86 78 39 46 33 6 59 78 51 50 6 28 99 18 34 23 90 42 11 36 58 30 8 44 29 59 28 2 67 52 83 28 13 50 49 2 4 12 38 46 46 2 23 20 12 28 68 75 11 84 70 81 70 5 43 81 29 3 92 34 55 55 21 6 37 58 26 34 76 34 13 7 9 2 48 24 4 74 9 99
88 15 57 39 17 6 22 91 55 98 5 88 35 71 6 77 78 2 26 87 37 51 17 21 55 57 51 95 14 82 27 42 91 73 62 47 46 78 0 65 19 97 98 66 13 38 70 30 20 13 66 41 8 28 23 69 28 40 85 49 51 50 81 85 18 54 59 17 19 16 72 66 90 13 24 80 92 83 73 95 31 64 92 64 30 17 73 61 26 85 66 84 79 60 48 55 52 97 71 88 45 44 19 56 80 77 6 1 80 22 36 0 11 93 88 84 87 53 62 73 52 75 78 7 89 65 79 52
35 44 92 60 54 87 19 4 18 74 37 21 12 84 10 42 18 83 67 28 62 27 5 74 1 25 98 22 56 72 53 39 49 39 17 94 93 9 85 57 99 60 95 89 98 87 98 71 9 53 82 1 77 68 75 84 82 27 99 27 38 41 52 16 55 38 93 9 89 68 30 93 45 66 60 41 90 53 23 11 48 72 22 10 32 24 38 43 60 16 43 59 31 62 25 89 45 77 63 47 32 25 61 41 43 18 59 11 23 42 44 24 90 98 95 75 77 20 43 78 46 97 80 61 46 2 71 90
67 94 44 75 4 25 10 73 41 48 26 95 56 33 83 14 70 43 32 71 67 49 42 13 89 47 0 24 90 86 69 4 89 83 19 84 49 76 70 71 65 67 44 37 95 0 91 19 46 33 20 36 23 55 1 13 86 21 76 10 25 87 95 55 49 87 22 49 75 91 46 74 49 79 10 22 96 60 82 53 87 93 87 37 58 9 89 38 95 38 33 3 75 20 7 9 44 90 59 22 21 69 74 36 25 27 66 19 33 42 16 84 41 83 79 34 95 43 74 78 92 93 84 34 92 16 41 66
20 50 52 24 16 42 87 55 24 70 66 22 68 28 34 28 30 52 64 38 21 81 89 18 55 17 12 1 78 59 45 50 58 3 4 80 35 22 90 95 39 19 76 98 86 10 39 62 46 23 94 3 18 85 4 29 93 25 5 30 95 61 7 58 90 7 83 32 75 25 0 50 76 36 46 73 1 25 61 96 94 69 70 52 52 86 73 52 6 88 74 25 22 11 68 90 82 51 40 48 21 9 42 36 20 48 91 78 40 65 59 45 49 31 29 11 74 66 83 4 65 37 94 8 34 47 64 48
92 18 75 23 10 26 79 87 66 50 91 17 42 17 16 46 55 99 93 73 19 17 88 95 83 32 78 44 85 59 79 4 34 64 6 13 39 24 9 77 7 81 6 1 48 98 45 12 98 76 8 10 65 81 78 70 15 34 76 6 54 81 93 18 64 94 37 38 18 43 64 45 81 97 76 5 49 24 20 55 31 4 89 76 2 69 91 77 44 60 29 94 98 62 51 90 52 4 54 44 78 91 51 8 10 63 58 60 45 31 97 32 47 52 91 97 27 24 81 80 79 38 89 32 57 11 12 6
56 26 9 49 39 73 82 12 18 91 41 52 98 2 27 76 79 13 50 8 12 85 36 1 87 13 97 49 78 72 48 2 66 39 83 67 55 18 71 15 70 83 68 47 51 5 65 26 29 72 80 2 53 12 65 13 89 58 29 25 58 33 92 59 68 55 12 53 28 47 58 63 14 97 17 39 97 80 2 52 75 54 1 10 62 89 44 75 91 60 68 56 15 43 58 58 27 35 55 7 13 72 7 23 12 21 21 82 94 26 56 88 65 79 39 9 67 29 40 6 11 13 57 32 10 53 78 65
11 98 96 48 43 65 57 10 90 32 91 59 81 0 90 76 20 52 84 32 91 91 44 76 3 49 69 74 95 55 9 47 64 80 68 45 81 38 68 23 23 87 36 62 12 15 45 8 4 3 7 77 98 41 34 75 77 10 63 6 35 46 50 79 48 33 47 99 93 45 98 88 37 81 28 69 82 4 65 32 90 53 28 9 55 39 51 52 3 36 92 18 79 31 36 52 27 3 9 27 61 29 99 24 50 39 15 17 99 45 64 84 6 20 48 24 84 10 92 17 35 1 25 2 63 51 7 5
54 19 84 12 47 95 3 39 29 66 68 80 35 43 19 77 51 30 50 73 43 62 97 9 41 68 70 28 43 95 11 36 35 36 27 35 58 27 20 53 85 9 91 37 74 62 70 53 27 13 54 71 55 32 74 90 95 9 82 13 28 14 79 70 59 50 81 72 47 37 75 90 87 34 76 63 0 91 1 86 24 64 62 75 2 73 72 96 4 58 37 14 39 53 15 76 14 90 56 23 26 85 68 72 48 8 48 25 17 7 51 41 64 1 11 17 92 20 94 95 82 0 96 19 24 74 42 50
95 90 70 1 60 57 34 52 29 44 69 81 89 57 48 64 34 83 2 24 19 89 85 86 97 68 6 22 3 85 94 10 4 81 93 45 21 54 78 34 99 7 93 96 57 15 45 89 60 65 45 96 87 20 59 89 96 35 5 92 49 14 68 5 28 98 78 77 79 44 51 39 30 93 38 30 50 97 61 41 18 6 33 20 42 27 51 29 60 71 15 10 34 17 3 20 77 17 0 6 30 65 97 47 59 19 71 15 15 39 65 22 37 24 6 68 51 52 55 7 13 75 74 19 21 45 9 57
70 14 87 39 66 83 46 36 52 86 54 98 75 98 76 59 48 46 20 48 7 98 74 23 81 20 98 11 94 40 71 16 92 0 1 17 87 9 91 26 19 37 76 22 54 51 62 62 83 52 79 41 69 11 0 96 11 6 74 77 6 17 2 10 97 16 89 5 27 14 22 1 76 21 50 73 63 52 52 2 63 26 84 71 63 86 73 51 74 96 10 43 17 21 12 53 24 16 72 25 89 55 84 1 32 21 72 13 76 72 84 31 85 92 61 14 84 81 12 0 77 40 23 14 65 16 49 23
54 87 36 52 5 48 0 91 21 25 66 21 18 27 58 51 91 30 36 78 3 56 69 37 38 88 18 8 96 10 96 64 52 6 0 80 11 46 25 78 99 40 9 66 92 72 25 99 93 85 31 83 95 15 47 50 87 31 22 48 39 35 40 16 34 4 68 80 32 89 12 32 55 65 81 99 36 39 44 43 50 59 78 60 79 98 62 98 96 80 74 27 68 7 1 27 14 27 12 51 36 60 70 40 55 29 6 25 6 4 0 14 0 64 45 6 94 27 96 85 85 48 93 60 29 69 69 95
92 4 57 2 64 28 86 40 19 24 32 35 18 77 28 51 95 58 64 25 43 61 7 5 7 85 92 54 62 55 54 47 43 97 9 63 38 11 12 55 17 79 79 92 50 31 27 85 68 47 80 83 25 62 61 61 47 76 84 66 40 26 14 39 54 66 68 63 47 84 3 45 65 72 21 66 73 20 16 19 34 61 34 93 30 42 62 60 12 15 46 23 10 1 70 76 56 48 23 89 6 34 33 43 68 77 0 68 90 98 2 97 55 12 65 22 23 18 67 85 43 32 66 76 63 89 28 3
88 41 19 13 74 90 54 99 23 31 23 14 75 78 53 28 53 10 22 51 47 36 23 3 63 38 62 41 66 32 89 82 51 38 55 45 47 94 50 88 5 49 3 53 44 80 14 22 28 42 75 73 45 19 57 49 97 10 34 97 7 57 45 31 21 44 34 36 53 68 23 20 72 46 62 85 70 34 5 51 53 96 49 55 74 79 47 60 66 91 61 65 99 1 39 64 14 1 43 44 52 62 70 46 42 82 61 69 80 96 44 45 49 49 6 45 95 43 88 4 48 38 90 1 85 36 97 60
34 34 68 42 93 24 87 58 37 2 3 95 87 74 90 46 18 36 7 44 79 32 1 50 97 6 80 86 50 64 39 94 52 77 14 38 76 28 26 55 20 87 22 35 35 0 79 61 28 6 12 46 71 2 67 22 89 95 57 93 67 13 49 13 41 4 79 59 41 79 94 5 24 36 59 67 26 55 88 86 7 57 2 12 92 94 89 8 5 7 0 11 9 75 29 97 87 37 30 15 99 79 75 65 42 8 0 88 2 91 55 13 80 23 25 84 25 26 75 95 46 52 88 17 60 51 41 0
11 79 16 95 27 21 97 6 64 63 55 17 77 9 6 0 54 63 26 99 96 91 33 74 42 3 66 90 41 77 70 1 38 95 67 7 21 83 11 18 58 13 75 54 32 80 23 45 86 81 77 55 37 11 36 19 88 32 78 15 36 88 10 47 93 69 39 70 86 92 15 31 61 86 78 76 67 50 36 18 52 50 75 16 58 95 13 51 96 95 61 56 34 12 99 88 91 17 1 86 15 93 28 70 89 74 82 94 99 33 74 11 46 23 31 78 73 71 97 12 69 61 58 32 88 90 34 63
66 72 51 8 3 25 4 79 28 35 75 42 26 53 49 72 73 49 41 67 69 56 67 74 33 34 26 52 53 55 73 30 94 3 33 84 37 24 70 10 50 15 9 75 44 16 61 81 99 59 47 67 30 70 83 86 99 56 66 57 96 30 56 61 10 4 50 58 85 67 25 58 71 38 92 80 36 7 6 25 2 16 22 27 19 71 42 32 79 39 2 48 25 3 72 98 44 19 24 98 49 65 35 79 63 22 72 83 57 29 10 0 91 63 92 92 66 49 62 39 62 38 28 65 78 23 55 79
86 82 60 45 49 29 94 61 69 12 87 37 79 60 95 55 9 53 83 62 9 48 99 17 28 61 64 45 64 90 89 10 83 79 0 15 82 5 12 35 30 73 80 0 9 79 58 28 34 25 53 86 90 26 52 32 24 60 82 52 2 65 16 45 29 18 27 97 56 19 97 45 17 30 14 87 30 92 35 43 9 67 75 41 42 56 58 59 47 0 79 27 68 58 12 29 2 94 60 67 82 32 54 5 54 13 40 34 89 23 95 50 6 50 68 54 62 35 5 98 62 9 9 58 90 63 59 40
12 25 76 82 42 56 56 29 48 19 28 5 89 70 89 24 76 69 41 14 96 17 40 60 52 56 83 10 35 91 45 65 85 3 76 4 23 60 3 79 42 36 50 87 14 97 1 23 58 38 93 19 18 22 26 97 87 86 5 15 39 61 78 69 2 80 30 4 35 46 32 7 81 92 14 51 97 68 6 11 77 66 33 37 52 83 53 98 76 44 70 2 58 32 43 43 69 85 68 36 80 87 40 91 21 37 44 51 82 95 66 80 31 44 98 34 44 12 57 82 41 14 46 91 14 57 36 41
41 56 31 4 88 52 20 42 30 24 93 96 72 16 77 9 86 13 55 50 69 28 12 57 4 61 98 24 67 65 69 62 73 16 67 26 81 10 85 77 84 53 15 64 25 36 49 78 7 36 7 25 65 17 18 76 4 17 42 59 43 57 91 57 92 23 3 54 3 25 40 81 21 33 26 28 54 58 12 3 70 5 70 76 83 64 19 67 98 72 54 46 41 16 66 49 91 97 23 22 69 67 54 25 19 40 57 84 29 77 58 60 58 92 3 49 33 62 20 9 30 22 23 30 43 55 3 23
6 97 42 79 89 41 7 31 16 99 60 95 7 21 49 27 13 4 66 62 42 9 7 3 28 1 82 92 57 17 46 98 61 44 25 2 48 79 71 53 9 75 32 84 25 13 67 59 56 13 42 48 18 7 2 13 76 7 9 15 4 36 52 37 91 99 72 92 23 92 53 80 68 8 17 37 49 1 9 48 21 75 81 41 21 49 70 40 29 50 17 68 34 56 53 90 53 5 77 94 87 20 86 81 19 91 11 71 42 39 65 24 2 53 49 60 56 44 74 51 22 8 75 90 7 10 3 50
88 23 54 89 40 85 24 98 40 77 28 51 67 64 50 29 12 61 27 84 4 27 32 27 75 61 83 50 6 22 28 89 5 96 20 40 50 48 64 10 67 2 82 21 31 80 38 23 55 63 65 88 9 25 19 2 76 66 98 71 65 97 40 0 51 73 93 93 67 40 3 20 15 91 19 72 70 1 28 35 26 76 44 45 51 1 74 83 43 80 64 28 43 43 92 46 6 46 96 72 31 44 54 18 2 71 44 74 74 3 30 76 28 68 87 30 16 60 93 87 56 13 31 69 73 16 94 13
13 83 0 39 2 14 58 91 43 51 18 67 95 36 98 65 60 13 91 25 56 57 2 84 60 12 41 17 18 60 83 41 95 31 60 23 49 84 36 92 84 51 68 46 28 88 5 83 96 84 45 19 76 13 50 22 14 4 22 52 9 82 2 24 74 73 60 62 80 67 54 78 84 17 95 64 49 1 25 86 13 34 30 83 12 18 67 73 18 84 17 60 87 65 58 64 87 97 89 33 0 2 52 96 57 19 31 75 60 94 81 82 23 72 60 9 58 94 86 37 74 15 43 63 48 99 32 66
33 5 8 1 78 14 58 48 92 53 66 60 65 32 5 87 11 70 90 18 63 4 0 30 43 48 90 65 66 57 81 40 50 23 85 2 18 2 96 91 60 58 52 27 41 46 58 20 89 3 6 50 33 7 66 31 18 24 67 4 29 17 76 9 66 75 89 21 41 59 94 21 69 3 56 8 93 75 31 10 73 68 21 71 96 84 3 71 22 87 48 2 50 73 99 26 40 99 40 61 70 95 94 26 21 37 11 1 32 91 65 46 27 3 16 2 78 66 69 39 19 80 3 17 31 27 25 87
40 95 50 56 18 2 42 42 83 17 77 84 75 61 62 35 88 35 74 62 69 12 4 57 82 93 47 50 68 7 20 50 19 86 94 67 42 33 55 55 4 69 15 36 69 34 0 48 29 81 78 19 93 51 36 8 76 20 58 22 34 32 40 38 26 97 79 86 23 68 87 48 72 89 56 77 66 90 7 69 36 86 64 79 38 90 19 91 32 98 26 37 5 27 62 62 57 99 46 99 59 10 60 97 4 66 56 11 44 24 78 3 11 79 60 86 49 56 3 85 16 70 67 92 26 53 89 8
94 32 77 9 16 38 1 81 60 31 78 98 47 16 72 89 49 65 50 8 23 37 42 60 90 38 31 89 29 42 19 51 31 76 76 32 52 11 36 14 96 30 11 23 68 80 32 94 61 81 71 41 15 70 12 58 85 8 82 94 4 53 30 65 80 67 48 1 54 69 93 86 62 83 8 90 91 47 74 92 57 64 3 85 0 61 26 73 61 72 76 91 28 29 17 14 24 19 7 32 14 74 32 44 55 59 93 7 41 77 34 59 59 7 41 1 55 88 66 0 46 74 36 28 2 55 80 14
98 62 18 22 30 0 78 23 45 36 25 93 87 61 89 34 49 43 9 62 47 80 75 17 12 98 84 23 6 42 86 37 63 29 18 52 95 37 48 8 34 51 65 26 52 32 98 62 67 49 93 18 63 91 11 43 88 17 6 37 11 14 83 86 11 67 69 27 58 79 20 56 44 17 64 34 83 6 14 44 55 65 93 1 13 80 85 71 66 58 79 65 29 55 91 42 14 50 59 53 18 14 6 57 54 41 95 36 17 48 23 74 1 65 77 99 27 4 37 88 89 19 86 89 72 90 60 90
61 27 24 20 7 88 32 25 99 78 38 75 61 24 18 2 36 70 6 35 66 56 20 86 96 31 66 62 31 91 88 63 36 9 28 18 13 25 86 52 13 3 94 72 3 31 30 97 93 74 93 99 55 81 36 77 45 85 24 14 59 2 49 74 61 37 86 39 73 42 78 49 47 37 28 55 92 99 37 16 37 19 46 55 1 31 8 21 32 23 88 44 49 9 87 37 34 72 5 28 87 34 16 65 81 70 54 94 0 93 90 0 31 80 49 3 83 32 4 61 87 82 68 40 77 19 38 39
35 91 79 38 27 76 73 59 85 57 92 16 24 85 2 45 7 5 72 31 47 70 97 13 0 39 25 48 75 55 0 30 89 33 22 91 79 44 86 66 6 45 57 16 85 22 56 78 43 61 8 3 0 68 46 73 91 15 97 49 87 12 83 69 91 12 6 60 72 49 67 85 15 84 2 40 50 48 31 74 94 67 62 35 37 66 29 19 14 31 50 93 56 56 96 46 42 15 34 63 14 5 25 0 18 80 19 66 60 98 71 92 57 25 20 17 82 66 16 73 58 77 56 48 38 65 21 21
53 0 5 78 84 54 33 95 10 74 84 54 46 78 56 77 40 95 8 29 53 53 2 68 5 73 5 56 89 21 22 62 40 56 47 72 55 79 38 42 28 24 34 28 78 21 92 73 94 27 19 8 88 5 26 59 63 87 70 29 50 91 33 65 79 59 4 7 10 64 33 88 22 82 45 85 73 79 73 9 66 71 76 43 60 52 4 58 64 7 76 36 90 11 94 76 50 36 88 79 80 37 30 50 72 37 92 38 29 7 36 13 43 84 75 83 38 78 88 69 89 77 97 94 38 31 10 37
40 56 3 52 1 26 17 82 74 51 11 78 40 41 71 29 82 47 41 66 10 45 72 65 87 31 98 34 25 33 70 89 53 51 56 49 41 90 19 65 95 6 22 61 15 92 40 44 68 4 91 7 68 25 73 88 83 11 45 51 92 50 29 18 85 22 12 57 55 5 56 87 36 70 39 45 14 41 2 38 54 43 84 7 87 71 9 15 52 2 32 64 65 70 84 60 10 56 4 49 16 34 6 67 84 23 63 5 24 45 50 4 14 98 8 71 89 55 21 82 68 33 58 33 59 97 81 2
27 20 63 43 41 39 53 42 91 81 46 62 80 32 57 4 46 8 47 29 42 89 47 45 12 47 53 48 88 94 8 1 60 36 21 99 46 15 36 27 80 67 11 92 54 63 47 56 0 85 6 1 63 59 9 42 25 33 0 45 63 73 35 0 46 79 22 37 92 45 15 38 87 6 18 72 26 17 84 31 37 65 58 15 25 66 99 83 25 42 28 73 3 80 28 47 33 92 16 99 52 91 90 18 59 49 33 35 38 44 93 91 77 53 6 23 12 47 27 69 48 92 89 32 11 62 77 5
26 76 79 44 0 40 79 63 74 54 20 61 80 71 36 23 30 84 97 85 60 60 57 94 38 23 89 34 6 16 14 35 6 21 26 13 14 36 91 89 33 23 76 93 73 3 87 68 35 53 74 56 81 47 32 54 51 20 40 98 60 62 29 85 5 85 53 60 54 78 32 34 1 56 75 62 85 9 64 96 12 3 40 71 89 14 34 52 69 15 14 97 69 19 75 46 20 63 51 80 73 66 62 43 43 45 41 75 71 27 39 10 43 75 17 3 33 4 80 75 78 59 54 43 97 80 47 3
19 52 77 67 18 24 31 51 97 82 5 50 91 78 27 72 5 64 74 4 45 50 25 21 35 78 97 99 31 47 22 33 35 24 71 0 31 13 75 9 86 94 48 88 50 65 9 80 41 21 87 42 37 29 89 54 23 41 61 14 36 74 88 52 99 29 81 31 38 6 44 20 82 87 63 63 3 18 45 21 58 61 96 6 21 5 72 5 40 31 57 57 49 50 96 31 97 24 74 74 13 22 93 4 64 11 91 94 29 23 45 4 64 34 99 38 86 78 9 30 31 93 43 15 49 98 59 69
96 40 52 33 27 32 17 91 49 94 85 85 72 2 56 16 38 89 55 40 91 37 30 92 12 61 21 39 79 74 42 38 69 51 80 35 79 83 0 32 11 62 59 14 53 83 75 60 91 89 47 75 5 36 30 85 37 45 64 52 71 69 75 12 63 20 42 12 30 30 37 56 75 0 8 99 74 41 67 33 35 32 73 64 12 6 1 0 37 68 53 40 10 69 72 58 86 39 71 11 1 29 95 96 56 36 8 80 68 46 66 55 64 36 33 51 53 92 54 47 61 77 90 12 71 65 49 23
59 21 56 76 85 91 37 4 46 72 64 12 15 18 5 49 62 4 76 37 18 55 2 6 14 6 17 26 67 24 94 19 20 4 88 27 27 55 20 91 53 28 73 93 70 1 63 39 45 35 41 87 12 9 41 46 94 64 75 82 63 5 23 77 84 81 70 88 42 45 44 66 98 38 77 28 80 67 16 54 89 97 76 44 1 93 37 36 27 45 13 1 11 42 96 80 69 14 56 85 66 18 38 8 60 27 74 63 29 90 85 57 12 79 85 72 54 52 55 42 99 92 6 59 9 37 95 41
16 18 82 2 25 56 88 3 56 65 78 45 45 28 70 27 94 19 97 36 81 97 12 85 95 10 32 90 57 3 13 72 85 93 46 83 83 74 36 59 53 18 34 70 98 88 85 12 67 29 62 6 98 80 20 86 36 93 0 2 59 43 77 29 87 46 85 23 87 95 35 19 30 76 97 77 65 38 94 26 72 99 75 62 54 48 94 11 64 75 35 44 63 89 67 96 44 61 40 69 3 34 16 40 32 91 43 86 9 1 66 97 52 30 37 3 42 12 92 92 59 19 62 90 63 41 73 76
95 19 43 95 38 41 77 74 23 65 92 40 56 27 52 85 10 94 64 98 27 94 59 70 63 32 75 12 93 78 47 4 52 61 71 56 55 85 48 62 66 19 58 26 71 73 18 30 15 13 69 69 27 1 71 33 23 42 48 1 39 66 75 18 52 37 12 32 37 67 86 36 22 8 56 34 7 56 44 44 63 58 26 92 64 65 31 36 14 55 18 51 39 94 15 91 48 41 30 68 71 33 33 82 72 18 31 13 45 24 14 26 63 83 77 89 75 96 93 19 67 41 37 93 94 34 31 73
33 86 86 61 76 8 79 42 55 30 93 12 24 90 57 89 91 42 92 63 48 63 6 47 63 96 45 20 42 11 18 73 5 74 69 26 66 73 73 6 84 17 63 39 45 80 29 82 71 19 61 67 51 77 28 0 29 92 89 24 1 16 35 16 1 29 0 49 23 50 28 24 8 21 3 85 99 65 28 70 90 79 80 45 75 87 88 24 7 63 32 32 75 32 37 98 85 70 35 86 20 32 86 56 16 14 0 47 49 50 50 45 81 20 60 43 66 47 8 46 33 22 5 94 52 43 51 24
48 94 22 95 52 23 58 46 81 49 73 1 53 19 49 74 27 89 88 22 42 60 46 53 34 33 90 1 69 49 94 24 89 37 83 90 40 54 99 65 65 66 28 69 66 89 46 92 62 89 1 30 15 77 3 16 22 38 10 97 87 64 75 1 51 83 75 13 42 73 46 6 69 85 53 10 21 69 40 89 5 9 14 94 20 77 86 60 40 12 15 10 79 53 29 77 73 59 72 51 46 88 81 19 26 43 66 27 4 22 2 64 1 88 21 69 60 32 62 89 31 37 11 77 90 14 70 55
12 45 86 22 41 20 59 40 45 37 64 65 49 77 33 9 1 32 62 86 19 4 89 5 31 50 35 50 42 33 85 59 18 72 74 13 7 55 35 96 95 71 66 47 29 73 72 67 66 23 77 84 42 0 36 43 54 74 11 32 28 56 90 90 13 58 23 86 66 79 92 79 83 24 21 20 14 68 93 54 40 84 38 93 96 99 20 20 54 43 67 80 11 98 79 26 99 16 69 61 42 35 13 41 25 1 19 0 98 44 39 76 43 11 21 62 60 95 30 25 81 69 46 51 76 32 39 72
65 30 45 75 99 22 51 90 24 25 80 33 88 73 66 3 25 9 78 44 5 49 15 63 2 17 1 88 4 96 86 59 52 9 90 69 83 17 69 19 0 6 19 69 95 57 16 20 92 45 92 10 3 23 25 89 55 60 14 64 19 83 23 94 44 77 98 49 23 6 21 48 2 25 28 86 42 81 20 66 61 69 78 1 98 24 31 36 85 5 12 53 28 24 69 30 91 54 86 32 70 28 85 13 64 57 62 97 38 40 14 34 50 37 90 5 4 64 24 49 55 16 38 15 65 37 5 18
67 84 24 4 34 42 91 0 64 25 46 65 63 57 57 87 53 6 94 44 1 98 85 15 58 56 48 48 84 7 90 76 73 41 10 71 23 62 96 74 68 90 32 15 14 15 52 17 67 21 29 10 78 56 49 75 96 75 19 44 51 66 38 70 77 87 58 12 78 22 20 12 73 74 8 46 38 26 81 29 66 92 51 56 39 78 32 64 71 38 62 6 84 96 53 63 15 42 60 20 14 80 89 96 93 56 17 93 32 91 90 26 91 98 93 71 47 9 27 93 32 92 35 50 13 15 28 15
42 38 11 19 50 32 25 46 0 63 48 53 71 49 92 68 80 5 27 47 77 52 76 48 73 17 80 51 76 37 43 36 75 9 97 40 96 36 41 13 86 17 21 41 88 58 82 63 20 84 39 52 37 34 59 91 35 28 88 12 3 93 89 98 33 24 66 20 10 12 48 70 89 5 81 61 92 5 95 15 30 20 3 82 72 25 87 18 99 36 91 39 26 6 24 88 93 52 33 31 12 72 80 0 16 74 16 63 58 34 69 54 94 61 4 80 96 36 54 22 13 43 93 14 63 12 2 57
66 44 15 12 76 92 27 49 16 83 24 93 98 52 22 29 90 22 95 6 98 45 25 40 88 82 11 21 56 41 71 65 21 27 7 43 3 81 31 4 74 16 31 20 92 40 57 47 6 71 62 21 23 75 64 6 78 34 56 57 68 8 53 30 11 18 56 35 24 14 37 33 81 85 54 76 69 35 8 24 51 13 96 83 91 31 34 82 65 42 7 1 88 12 91 32 48 4 15 5 10 29 20 76 75 47 10 67 8 72 47 10 95 22 87 75 35 68 63 29 42 52 36 6 2 38 65 78
53 61 24 67 82 61 45 88 32 72 21 54 31 60 37 41 92 33 46 18 19 0 48 1 92 39 13 32 14 6 69 28 14 81 71 30 60 78 56 5 63 34 40 87 41 77 16 55 11 15 65 6 76 90 66 29 59 72 81 42 34 70 3 24 73 86 88 90 24 59 39 30 10 61 34 76 53 6 98 23 2 2 70 38 45 30 39 42 17 6 65 83 53 50 34 6 80 70 5 49 0 4 48 65 26 74 75 44 5 27 11 78 13 54 92 94 9 83 26 50 31 18 79 98 3 51 98 53
89 95 58 62 46 26 5 5 74 69 74 88 89 26 13 66 51 17 16 19 35 24 71 4 46 51 26 20 28 80 77 8 25 44 45 22 28 29 72 82 26 75 27 83 88 51 75 65 80 62 78 83 25 78 50 95 4 61 42 9 38 60 83 44 38 36 98 39 17 7 11 64 7 93 53 5 97 41 14 68 95 42 58 38 32 18 12 23 57 41 35 15 66 28 50 68 89 28 82 49 69 62 57 47 74 34 35 14 83 83 14 91 45 66 18 18 98 47 20 47 92 46 84 3 32 61 70 74
55 40 20 29 87 47 61 49 97 81 29 48 38 83 34 24 58 19 24 47 27 21 7 22 51 41 10 72 96 87 50 14 61 70 0 1 68 22 62 47 68 21 9 33 28 72 67 49 49 83 39 32 5 66 97 35 12 41 96 37 95 37 9 2 62 97 48 87 43 46 71 44 8 68 78 49 76 92 72 80 41 12 73 66 85 19 49 75 52 45 80 69 45 18 93 92 77 72 87 55 31 17 33 45 16 26 43 52 89 26 66 6 56 90 97 7 1 94 16 65 81 80 74 46 77 64 2 52
63 22 6 24 23 86 53 77 13 99 5 28 99 23 0 62 51 4 72 64 98 16 16 77 14 98 86 57 69 95 82 73 52 15 79 10 19 32 42 88 8 60 13 0 15 22 31 14 79 72 10 48 60 93 12 88 3 2 19 37 33 82 42 0 22 61 41 30 72 36 71 97 0 51 69 1 57 32 59 21 47 59 80 23 63 96 66 74 31 38 27 66 64 72 36 21 32 11 52 28 5 5 27 10 17 98 34 67 99 15 0 10 72 61 36 78 86 41 20 50 53 58 69 44 47 21 95 49
54 35 8 37 92 45 8 25 2 87 55 87 46 91 52 43 77 68 57 50 42 96 18 76 50 49 30 49 53 67 43 29 95 97 86 41 41 98 0 78 60 92 48 1 0 1 13 60 89 31 62 38 80 61 65 26 48 64 93 53 0 53 40 90 83 31 7 97 65 26 37 57 35 20 98 83 21 61 13 73 13 72 24 83 90 79 77 19 40 12 41 45 86 10 92 18 61 68 89 84 76 91 46 4 2 24 50 76 50 99 52 26 98 47 46 52 4 62 15 17 45 69 9 84 13 55 3 74
13 8 54 22 29 37 54 89 99 27 16 84 90 14 34 92 93 93 15 26 19 67 38 91 19 30 4 57 41 90 23 57 64 24 64 1 66 81 10 66 45 70 34 1 69 88 51 94 4 48 90 51 10 13 56 24 87 49 39 90 50 95 11 2 94 11 92 5 72 26 82 30 7 55 5 97 34 60 89 9 72 2 7 39 8 11 48 39 1 33 10 54 99 79 7 25 19 48 90 53 24 30 57 51 85 97 18 96 50 92 48 5 25 37 69 33 54 93 25 30 81 68 85 4 30 39 1 67
9 98 84 50 5 72 77 27 16 64 13 90 8 25 99 14 70 40 58 68 29 85 36 26 53 89 22 99 3 14 0 52 84 72 48 52 88 32 26 36 95 47 35 5 49 48 71 98 10 24 75 92 63 36 4 96 0 96 43 7 2 99 55 9 8 59 13 59 11 61 2 9 85 42 35 70 25 85 47 79 42 17 23 4 71 56 19 82 1 63 45 28 38 56 50 16 60 58 7 46 52 22 88 28 29 84 26 64 58 72 41 85 56 30 46 73 45 99 13 91 88 84 94 64 22 19 63 31
22 35 71 93 29 29 79 6 76 79 59 12 79 36 1 34 20 3 82 78 63 33 22 72 91 67 1 23 96 83 74 77 1 18 63 56 34 56 1 85 7 19 33 43 16 78 14 74 88 31 48 98 83 71 80 39 81 11 99 17 56 66 52 80 86 11 34 41 2 65 78 29 40 92 68 70 89 52 69 33 71 46 42 74 86 19 86 47 92 82 99 5 64 82 60 35 30 98 79 53 36 41 11 42 9 86 33 0 47 71 63 54 85 6 77 29 39 1 77 29 12 18 74 46 37 42 27 58
96 10 12 1 35 65 94 40 4 87 41 86 34 32 78 95 90 40 65 3 88 10 69 34 27 0 1 42 32 83 54 80 93 63 4 65 83 36 92 81 5 82 31 96 54 32 9 88 58 37 5 9 11 78 44 55 47 40 53 72 24 43 30 46 16 75 18 97 88 31 82 96 57 77 38 76 95 51 89 67 98 2 41 61 91 92 71 82 24 45 95 55 77 66 44 32 79 28 60 0 28 0 13 1 73 57 82 95 0 76 18 85 85 87 74 50 6 86 91 88 22 53 91 25 18 61 48 81
71 37 27 68 37 21 53 78 37 67 50 97 58 52 86 87 82 1 27 33 97 71 72 80 80 2 5 44 90 29 87 74 31 3 87 49 31 30 94 86 3 23 39 83 70 31 6 31 38 41 52 53 1 51 93 84 91 25 71 67 38 77 5 75 31 76 11 35 98 6 90 85 27 68 26 34 88 34 89 80 3 60 92 27 11 47 19 14 62 58 10 38 5 45 24 83 55 7 86 71 35 91 44 38 43 60 36 20 94 29 57 97 92 8 48 71 65 48 87 17 84 81 30 1 50 38 48 46
97 10 12 4 30 32 82 89 66 88 1 69 22 12 90 66 63 85 76 17 78 72 40 6 96 58 99 86 32 42 18 18 36 19 32 57 19 87 12 91 99 98 73 45 10 91 61 37 72 17 42 5 89 42 31 30 12 9 49 49 68 55 81 28 37 78 35 3 5 87 35 61 72 86 17 86 80 10 0 44 27 49 55 97 1 64 53 5 27 90 74 30 50 1 88 56 42 17 35 39 5 37 18 35 4 3 9 34 54 74 0 87 81 12 20 61 41 94 53 53 22 76 37 81 47 42 45 25
52 30 96 54 61 35 23 66 23 42 39 28 93 79 58 88 42 97 0 17 9 97 11 65 90 8 15 40 47 84 73 31 63 51 58 43 20 74 88 0 91 64 12 64 62 15 26 36 3 69 81 98 62 24 11 11 4 71 41 73 62 78 67 83 2 24 60 81 38 26 55 99 48 3 20 47 6 18 40 7 6 96 38 37 28 54 64 12 13 23 31 13 27 84 40 58 32 0 72 75 18 39 53 53 95 7 8 44 70 28 72 60 3 34 79 9 26 7 14 10 98 8 9 12 65 56 1 24
99 3 38 48 63 29 36 13 90 23 14 67 25 35 0 3 27 15 23 10 63 77 38 28 59 1 37 30 64 32 15 40 61 65 69 35 52 65 34 45 98 93 46 23 83 57 35 62 41 24 94 48 8 78 56 23 20 16 94 95 47 41 13 57 86 50 31 83 25 60 40 9 62 56 3 56 85 24 88 82 55 13 22 46 99 88 50 56 11 15 40 0 96 19 63 10 95 17 55 11 11 16 69 60 26 4 52 22 23 9 62 77 3 38 74 20 59 14 35 39 52 3 70 46 40 67 39 99
3 68 74 79 91 44 25 92 20 25 28 2 36 83 85 63 42 3 64 1 71 42 77 4 28 62 5 92 38 19 23 51 5 74 26 94 36 71 28 86 95 26 6 91 90 58 36 52 17 27 69 32 96 63 23 89 97 26 84 16 71 40 80 13 51 57 41 56 20 99 15 48 53 4 48 92 94 6 80 68 23 86 16 76 94 37 92 23 48 66 40 23 75 73 1 18 26 82 79 47 24 60 19 48 41 89 33 50 88 43 38 40 51 23 50 28 80 5 71 44 27 93 51 7 21 42 77 2
9 17 29 57 79 65 5 91 92 0 34 55 36 93 43 53 4 47 57 84 49 37 47 88 55 25 92 49 44 27 19 71 88 95 38 15 32 11 64 69 17 73 26 34 88 27 58 59 82 60 7 79 81 50 13 84 76 47 13 61 18 43 66 33 71 53 40 71 67 1 43 11 34 69 96 71 10 50 96 57 75 99 12 71 99 1 7 11 26 41 40 56 26 45 5 45 27 22 90 20 67 67 92 88 5 51 23 35 21 17 36 65 98 38 21 45 61 82 65 57 29 48 89 82 93 94 17 86
35 91 95 47 61 95 23 42 10 90 96 14 76 98 11 85 39 38 94 22 82 97 17 74 77 34 44 16 78 59 6 66 98 13 19 16 46 42 38 98 63 22 57 37 76 19 31 11 43 39 42 97 84 1 22 66 30 59 47 33 75 67 42 86 52 0 22 6 54 65 99 95 94 44 81 18 22 29 23 92 86 79 41 59 30 73 10 84 19 86 80 74 51 55 15 58 22 55 2 21 95 7 18 3 53 64 77 52 74 37 71 79 62 5 86 32 82 25 55 38 75 37 77 36 31 44 54 80
53 66 74 84 1 33 15 85 85 1 65 72 43 72 6 52 65 88 48 80 89 12 26 51 61 92 35 20 97 2 89 12 58 18 34 69 35 84 47 92 55 39 90 39 82 6 98 38 98 70 22 94 13 31 50 50 26 81 64 34 85 74 16 36 69 9 28 26 14 47 47 4 1 77 85 61 88 8 65 43 8 26 10 38 15 90 16 75 7 20 49 32 18 41 56 39 17 95 58 49 64 57 71 49 47 75 65 28 46 34 5 82 65 90 82 61 86 18 73 13 86 17 96 75 96 62 60 72
20 34 65 63 85 89 64 48 67 6 32 2 4 25 72 1 3 71 52 95 71 5 25 2 8 99 60 48 71 1 72 52 39 39 80 64 54 56 68 89 92 47 11 48 0 45 72 62 97 66 51 46 66 67 54 43 38 33 30 5 37 91 67 49 2 10 83 80 38 51 0 71 93 11 68 71 18 25 26 64 71 4 84 56 84 91 59 7 55 97 26 32 3 61 3 37 72 86 81 8 93 64 2 81 99 22 29 24 15 85 75 70 34 42 76 30 3 76 41 67 91 8 54 26 45 97 95 82
5 82 19 73 82 54 22 31 89 81 1 13 39 30 67 23 41 94 6 66 41 53 70 83 43 92 19 34 3 72 38 83 22 23 37 71 56 77 3 18 26 97 14 68 95 77 97 72 93 30 62 34 24 64 40 71 5 12 75 61 36 81 1 21 26 75 94 54 61 54 60 5 98 20 13 82 73 82 96 79 77 81 41 18 14 60 67 30 0 78 29 33 18 74 58 14 26 16 52 57 94 62 60 69 40 26 57 52 76 53 39 38 67 56 4 46 48 46 12 8 20 41 72 78 14 59 14 23
61 37 35 37 5 52 57 70 34 34 61 58 67 78 20 64 22 24 82 64 91 70 68 49 86 67 30 96 15 65 58 26 14 54 75 87 85 50 0 49 47 88 40 70 81 65 99 8 30 43 47 74 55 16 34 98 40 9 24 1 51 69 20 85 65 26 37 1 77 39 44 4 20 83 70 53 55 63 77 53 6 28 77 38 73 24 10 68 68 18 66 72 80 90 94 19 19 5 91 98 66 7 61 1 85 47 26 26 25 99 23 94 71 57 74 22 34 97 43 66 1 95 58 65 47 1 33 47
31 55 25 53 71 0 61 40 75 21 12 85 9 29 36 98 45 5 25 97 38 81 67 57 63 43 51 86 94 55 76 36 25 45 95 73 27 1 61 44 17 73 0 10 76 74 10 28 30 28 18 4 40 25 0 52 54 6 96 67 81 94 62 64 59 55 81 47 73 51 27 92 83 49 84 3 26 83 22 26 28 16 60 15 79 89 88 49 78 57 47 81 89 33 97 59 24 16 23 51 11 82 85 50 78 95 43 88 64 82 5 8 24 56 64 12 19 60 90 89 79 86 12 52 26 86 53 85
48 5 36 85 27 4 57 37 25 34 71 42 95 56 53 74 88 44 24 45 47 32 30 68 85 26 21 12 67 79 80 24 81 22 36 99 8 35 24 45 73 36 70 26 9 61 12 12 25 19 97 73 58 8 23 74 13 81 93 44 67 59 79 58 68 60 94 16 60 27 54 93 79 67 71 8 60 2 74 71 34 79 13 34 39 79 76 36 76 28 94 20 56 76 66 8 32 0 37 25 24 40 20 14 57 48 18 75 35 70 64 64 32 3 95 12 80 42 50 46 6 10 56 26 42 9 45 44
3 46 99 8 93 66 7 20 23 16 33 42 0 95 90 78 57 39 42 97 14 41 69 80 66 95 87 67 21 11 38 47 57 5 79 88 44 40 48 38 83 95 48 7 20 27 23 55 19 71 37 28 18 62 92 31 20 10 56 72 75 86 7 39 36 28 71 42 21 65 94 11 52 91 14 15 34 72 7 21 64 5 13 59 7 43 21 35 99 39 26 52 58 62 44 45 40 34 26 26 58 7 15 10 42 67 59 0 83 71 18 14 37 53 42 6 87 29 7 85 84 64 92 12 33 6 95 81
94 69 41 92 98 30 29 82 11 84 96 47 47 44 87 72 17 85 37 80 81 50 3 82 87 8 14 84 81 89 26 76 71 55 87 91 70 12 18 14 94 95 13 54 19 6 27 28 82 5 57 69 22 79 75 89 78 16 48 50 82 67 93 56 82 11 86 83 65 68 30 69 73 67 40 40 9 86 41 12 85 82 2 81 48 63 66 95 22 65 78 99 98 47 39 85 66 33 75 97 78 64 51 47 30 26 55 74 15 56 43 74 71 96 92 0 35 53 65 93 25 1 3 20 65 62 14 55
26 91 36 86 84 88 39 96 18 9 36 5 71 10 58 57 83 69 25 51 39 82 28 58 63 6 65 51 82 27 69 16 11 32 16 82 62 42 12 99 84 18 58 34 77 18 40 82 76 46 68 29 17 8 70 48 43 31 43 94 72 25 30 41 2 93 54 68 91 28 91 48 40 95 38 44 48 2 62 40 22 36 46 49 3 17 82 72 61 41 57 51 48 78 82 91 43 88 48 41 5 40 96 58 54 89 68 86 54 78 47 18 29 12 72 81 10 76 55 8 53 5 93 46 13 66 23 59
41 23 11 84 53 8 82 13 27 13 72 73 69 31 7 48 74 95 36 51 43 45 67 6 46 54 45 8 64 92 55 16 44 18 20 71 45 65 64 43 94 18 85 47 80 67 77 6 50 77 95 94 81 98 7 11 89 37 64 12 43 31 22 80 73 33 69 35 53 74 92 94 38 36 76 62 40 82 63 64 56 88 46 18 63 99 25 72 42 90 1 15 17 92 95 27 50 62 33 73 60 23 0 23 0 89 8 46 44 22 21 84 36 55 58 96 66 26 45 2 60 82 38 7 18 77 26 3
98 89 85 57 47 50 4 89 77 86 36 9 54 25 32 41 68 45 90 15 63 6 4 68 77 43 90 68 4 76 21 10 47 14 90 16 47 68 90 23 46 52 39 81 92 76 75 13 43 52 43 29 82 28 93 83 33 99 99 90 39 94 16 17 64 30 42 70 5 42 24 88 91 34 96 13 99 56 8 45 20 45 47 34 54 23 40 78 69 80 11 90 35 81 39 74 26 85 22 54 40 46 43 81 93 63 63 13 22 88 39 32 53 11 67 64 53 76 65 90 63 67 40 3 37 10 82 7
37 61 8 20 71 76 10 86 3 25 35 80 24 65 51 96 62 9 69 0 2 23 54 11 14 95 96 59 35 55 62 27 63 41 47 5 49 78 85 89 99 10 65 62 47 61 50 36 81 73 3 1 57 1 80 0 8 24 57 93 52 29 71 3 19 72 90 64 69 64 33 31 19 47 14 34 32 28 20 98 43 18 21 18 7 80 59 67 5 42 55 99 22 90 62 98 29 87 21 19 10 9 79 79 37 99 41 50 33 20 87 98 38 39 8 19 14 2 58 24 50 53 20 20 2 12 74 55
11 24 4 60 88 80 71 52 44 68 13 51 45 54 15 95 90 40 45 29 13 78 80 16 44 15 48 16 46 24 42 18 30 8 55 20 2 92 45 26 43 12 65 85 80 86 39 35 21 57 93 80 7 38 2 61 16 29 78 61 65 98 35 94 69 50 28 53 49 43 82 56 39 23 72 18 74 58 13 21 94 50 34 57 36 94 10 13 88 4 79 95 34 85 87 0 46 32 27 5 4 77 80 7 51 47 7 42 20 56 17 22 29 64 6 35 13 64 80 59 5 26 46 0 26 56 51 10
36 44 78 73 70 9 58 36 77 19 62 41 49 47 7 18 69 27 41 95 51 27 32 62 93 24 2 81 84 79 10 1 58 83 78 3 13 47 55 58 76 64 41 75 54 68 44 52 38 82 63 27 17 87 15 7 15 57 49 71 58 7 30 65 8 44 97 84 90 52 78 45 57 85 17 32 93 40 13 7 52 56 87 31 43 85 2 42 9 67 39 79 16 38 21 48 30 10 52 84 41 96 40 38 67 13 54 57 49 28 2 10 93 36 19 32 93 37 93 34 16 94 92 60 57 20 83 86
11 86 42 53 35 85 47 5 14 85 73 77 50 89 88 68 18 11 5 16 60 75 52 28 18 25 29 12 65 36 43 33 47 36 48 3 82 49 18 11 92 17 45 80 76 96 63 21 0 93 15 42 9 24 76 46 25 76 95 65 46 72 60 59 29 94 99 14 29 80 53 79 2 63 49 47 94 40 82 68 18 48 10 81 87 15 50 68 88 45 66 66 13 29 84 95 24 77 86 3 94 14 74 27 7 78 93 73 28 12 32 29 4 52 61 74 6 17 37 68 54 71 72 63 36 0 5 46
84 66 72 81 18 73 85 57 5 90 80 93 48 29 48 28 82 5 59 7 47 6 84 14 56 39 0 30 38 74 43 1 60 63 32 74 21 61 61 0 69 70 60 10 97 96 9 29 10 48 63 60 51 98 46 61 38 64 79 72 84 87 97 91 91 0 6 29 35 45 81 82 10 20 30 98 62 32 27 2 57 93 28 38 1 2 82 79 11 87 81 94 48 28 3 67 80 9 56 28 29 39 3 70 27 83 5 22 57 51 31 34 71 98 29 42 44 22 80 23 76 45 61 90 80 10 12 49
9 5 91 64 67 47 50 95 93 86 76 85 35 50 18 16 69 69 72 34 47 59 40 26 30 85 99 48 90 29 14 26 0 49 65 81 80 40 20 97 73 31 50 92 43 2 38 71 40 2 99 95 72 24 28 58 18 80 80 60 0 73 13 60 56 36 16 80 33 57 25 40 41 33 83 66 64 90 91 57 61 14 2 45 57 3 71 27 64 66 72 51 44 19 3 73 71 74 89 39 89 25 90 68 53 45 44 80 42 43 64 46 31 9 26 5 76 28 98 47 65 59 31 89 17 96 20 32
29 71 7 33 77 26 77 45 55 30 69 21 83 87 88 6 92 50 49 8 67 64 61 79 42 31 97 57 75 83 84 61 0 22 33 54 12 72 92 55 23 30 83 79 13 42 67 64 41 45 18 23 56 7 53 9 27 27 78 61 8 11 72 22 90 9 86 46 64 61 76 70 69 45 20 82 85 69 57 47 15 76 38 37 54 98 75 31 60 50 10 72 80 91 17 21 7 78 3 20 22 46 93 2 95 12 39 59 84 1 49 69 41 89 91 22 76 51 32 75 24 86 92 67 26 54 52 82
8 99 24 16 42 64 81 42 15 72 95 94 41 97 47 58 64 8 71 92 79 18 58 86 7 36 0 96 37 78 14 86 98 7 1 21 25 27 76 97 50 69 69 20 12 72 49 1 85 22 27 90 84 65 98 5 52 13 12 5 3 40 4 87 72 66 19 62 72 96 32 36 8 43 28 80 23 19 28 32 65 96 96 32 13 18 93 70 71 94 5 31 5 33 44 0 24 15 68 95 92 85 62 73 24 70 35 15 33 91 25 53 68 81 6 7 6 12 9 69 94 19 52 17 46 34 0 93
86 66 21 48 48 48 32 56 38 15 51 47 12 14 1 36 47 11 97 96 11 38 83 69 60 70 93 43 23 76 79 14 39 11 61 61 61 33 62 62 70 42 18 63 64 30 26 51 83 26 10 48 94 30 56 7 46 78 56 14 91 89 54 34 96 15 59 39 92 98 86 72 56 56 48 74 12 30 18 84 82 75 85 55 57 20 68 29 32 16 9 2 69 32 95 74 25 93 6 13 76 52 80 59 47 71 86 88 17 67 75 82 18 60 23 97 79 36 19 40 41 69 83 95 40 88 35 84
25 51 20 30 54 50 87 73 26 52 34 31 52 92 21 51 56 30 87 71 42 15 81 27 85 47 41 44 43 43 29 3 95 19 25 3 72 13 52 7 33 35 59 1 70 23 40 70 54 71 81 9 18 33 28 2 32 95 8 15 59 72 55 69 48 93 43 46 37 12 36 69 84 33 43 68 52 4 48 7 77 65 75 10 93 91 83 29 31 4 45 86 70 86 77 32 18 91 48 28 95 32 44 71 18 92 32 28 16 47 45 69 1 87 87 76 78 70 62 98 54 23 28 66 16 43 3 48
87 70 21 2 81 32 80 37 88 91 94 22 22 16 8 3 76 48 64 46 67 57 14 23 94 78 4 15 91 60 42 12 53 24 87 27 9 8 82 98 62 88 16 94 10 26 79 89 79 48 35 65 8 55 4 82 95 50 75 72 33 6 41 16 79 39 0 95 69 76 62 56 15 88 80 96 90 37 10 22 16 63 40 50 19 42 4 26 40 70 32 98 57 59 54 28 52 53 46 87 37 70 62 41 69 42 77 7 14 69 7 5 72 88 12 73 7 4 84 46 25 82 49 56 67 77 4 1
53 43 62 1 45 56 50 96 79 55 58 54 80 56 87 34 92 7 8 48 36 15 3 13 63 80 39 50 29 57 24 3 92 34 72 92 45 19 36 22 18 85 14 3 65 71 88 3 78 58 45 76 43 98 23 7 38 41 13 11 18 14 68 68 61 85 35 64 70 30 69 23 50 51 66 23 72 11 56 14 14 79 19 56 67 23 92 59 80 97 61 47 59 96 90 11 12 15 68 31 59 96 16 75 98 56 43 97 86 64 80 32 39 42 63 39 44 23 94 13 72 74 16 41 49 78 47 62
59 78 22 16 68 29 51 61 37 72 72 87 57 70 74 8 90 52 24 62 72 58 82 10 74 82 82 65 29 20 31 54 68 96 27 90 20 36 76 15 88 92 90 84 39 99 6 47 91 90 13 72 49 50 82 54 11 73 56 34 66 53 14 52 71 33 37 51 81 69 15 97 87 56 96 53 54 62 31 25 90 26 63 53 94 20 4 73 59 62 91 60 9 88 80 67 24 47 30 52 34 69 18 46 89 2 52 10 59 75 73 78 88 89 2 44 44 23 55 20 48 24 89 67 73 79 16 34
29 61 90 88 41 6 26 9 64 4 67 54 13 5 95 91 66 68 51 13 96 84 58 62 7 71 15 38 12 45 29 79 75 31 7 71 20 27 54 35 72 64 34 14 23 79 16 22 29 61 39 14 88 56 5 75 22 7 78 84 22 34 5 90 28 19 49 16 66 99 30 3 60 82 0 36 75 74 23 88 52 61 0 46 40 39 27 98 60 45 36 25 94 92 75 64 76 65 64 28 24 54 59 22 27 10 59 33 39 61 20 95 71 55 6 87 50 48 2 66 53 17 86 21 14 38 16 57
77 39 34 8 0 53 31 27 95 15 99 88 83 78 16 60 34 77 6 49 26 21 59 41 22 14 85 12 21 99 78 68 84 2 32 5 63 52 31 28 99 47 96 15 70 36 76 45 66 97 72 10 8 32 35 56 51 95 6 27 60 17 60 51 99 49 78 6 71 31 90 65 73 1 77 21 33 83 58 55 27 15 42 9 94 8 52 99 99 15 44 25 39 5 37 86 53 16 34 83 51 51 4 38 89 48 60 95 83 82 98 15 56 74 2 63 22 56 63 58 74 31 86 72 20 53 6 13
78 74 55 23 85 45 20 7 98 23 6 29 38 40 33 74 45 18 0 70 84 29 34 5 40 56 46 15 47 40 25 17 50 38 86 47 95 1 87 84 72 21 83 50 94 34 26 43 82 29 47 38 85 52 44 68 88 30 32 20 75 35 49 9 67 35 98 72 51 33 19 77 40 77 94 11 14 53 67 18 85 4 89 26 12 37 71 15 92 9 47 58 27 51 74 36 58 9 25 4 10 8 32 18 24 55 40 82 86 32 77 35 42 59 98 63 19 70 90 39 58 95 2 12 73 28 40 99
68 32 93 53 37 18 4 56 79 18 28 85 86 84 69 23 19 87 17 14 10 70 72 59 26 0 59 20 31 83 76 12 6 46 64 64 13 58 35 5 61 36 97 43 32 54 72 64 30 57 9 77 2 41 20 15 32 42 54 3 98 0 20 54 83 52 89 48 71 7 26 28 86 96 49 68 29 2 21 80 88 94 20 43 79 42 47 81 61 9 37 39 89 3 95 81 94 40 40 31 6 15 31 2 31 85 76 67 0 79 91 90 50 8 66 17 11 31 19 86 68 20 5 53 49 25 47 87
67 6 55 94 43 59 29 93 41 34 55 1 42 43 10 81 62 13 46 91 27 35 77 55 5 27 72 18 21 67 27 72 87 98 6 20 54 19 94 5 39 25 45 57 2 96 46 41 5 65 89 28 52 12 59 96 27 97 99 16 0 8 94 7 43 27 70 31 32 25 10 75 13 94 57 36 37 38 55 57 39 41 73 69 89 10 14 92 21 98 23 80 8 44 41 9 34 61 82 81 66 30 20 17 9 78 68 41 84 84 54 88 10 67 84 19 21 52 56 21 32 22 91 83 16 83 26 15
9 96 80 4 69 14 28 5 85 35 45 72 20 6 96 5 13 20 20 16 77 97 22 2 99 96 26 19 8 50 74 70 62 35 89 53 83 69 58 28 74 75 80 64 7 80 25 95 75 71 27 92 65 37 38 49 10 79 9 75 1 92 84 63 98 44 64 1 98 46 33 11 47 66 48 73 81 89 84 96 90 96 18 21 94 4 74 8 99 43 59 50 46 93 46 76 27 4 43 24 46 57 83 96 13 45 35 23 79 27 3 6 24 27 8 40 36 86 90 66 90 89 80 0 96 56 99 42
26 86 48 65 6 47 82 35 71 14 73 30 97 21 20 6 2 9 24 13 87 11 45 13 46 69 0 64 26 95 31 36 19 97 7 73 30 37 68 12 18 13 6 72 78 83 4 94 26 85 30 26 7 33 61 0 85 78 75 84 99 11 0 76 92 75 22 98 47 15 6 69 50 71 67 69 14 80 71 19 26 27 92 46 78 97 0 2 22 52 52 34 91 23 87 88 31 49 55 84 27 91 47 18 45 0 37 59 57 16 95 5 71 60 15 6 22 19 52 62 73 19 40 31 93 26 34 46
87 15 45 83 31 66 92 18 4 80 34 99 76 30 5 50 16 65 73 68 22 70 27 62 51 66 5 86 66 84 77 55 27 56 57 94 57 34 65 27 77 84 71 84 75 13 33 43 16 8 35 59 97 63 93 38 77 47 56 95 14 6 33 13 27 28 34 95 11 2 58 51 58 63 97 88 2 65 12 85 47 81 65 64 40 30 15 93 21 65 13 23 51 0 99 78 12 68 22 72 41 74 89 67 45 92 58 32 41 27 21 67 48 91 58 12 95 80 78 50 74 61 65 81 12 11 62 59
